3
* 65 33
0.8566928525411919 0.8932350357250741 0.8663464739830117 1.0475587505575112 0.8944974856439493 0.36901534745117603 0.307389252263593 0.002206744071406417 -0.17421027847108053 0.9694599159685835 0.513608187244801 0.9840854467295335 -1.4850627170068578 -0.4327506654273918 0.5716550520700744 1.8964815941095579 -1.6852319754752734 -0.04048714000527919 -0.8589510814900188 -1.1290514777683434 0.12397821387817334 0.1107203706973133 -0.17010184608398587 -0.17672773373809547 0.10720185279392572 -1.0112867421130238 -0.610951782243664 0.6417992451700503 -0.8825954499692924 -0.5876612860124493 -0.383434350020911 0.16444377839778618 -0.9305773857421725 
0.7926154958915648 0.01791256813981394 1.9608052361332295 -0.07714702695665145 0.5771046625929517 -0.7600478363360641 1.846192795023249 1.098293974107151 -0.004880727688452484 0.14752207270135254 -0.5349893671743225 0.23830761680398188 -0.07772401732810585 -0.22527844181128276 0.7521750643875287 -0.16167399164378163 1.0900609985055605 -0.9489804227140264 -1.173285430074959 1.9268680565764702 -1.6605017439599767 0.5124331120276746 0.010400572106885338 -0.32557589750205546 0.45178127941684965 -0.7231468256028418 0.9324809326969046 -0.630346906560251 -0.9024741870743086 1.446891491357846 0.16113857893748706 1.3702773824229941 0.20235126843889617 
-0.5676357129484937 0.9168058455621855 1.1462592883376364 -0.21012446817683564 -1.074392110337416 0.10001852502443216 1.784568120623649 -0.2058566670354707 0.6967705167773538 -0.25802071596127824 -1.9922792930465523 -0.7941721416096361 -0.6427154649768021 -1.9220917436051446 -0.8629647615463271 0.45094779405399293 1.1741103410577003 -0.617892177391102 -0.7784268793308007 -1.2113741244140486 0.0905794916923245 -1.5350713012255828 -0.9645849525149389 1.296597780750927 -0.22952637457259992 0.6895806694121779 0.9571874956639146 -0.9067676444294228 -0.9737203984268911 0.21868371402556372 0.48322319980550965 1.7953539147305428 -1.5767073827689855 
0.858671369929123 -2.041652142640807 -2.009784647439371 -1.783466835407488 -0.6815752435364046 -0.7056944629972879 0.6061187253388605 -1.6053805632216418 2.1906010835620613 0.48116790732075787 0.4204616784674492 0.05128486411441167 0.45307714261825666 -1.3105426770273265 0.0025906627926616157 2.201592532651952 -1.1664251930765734 0.8254410155155272 1.3680302354980696 -1.008842986102275 -1.0960232412296225 -1.4630745756540078 -0.6725763715905773 -0.2550528568611196 2.1038379949995103 2.001739122727179 0.29823098883619675 0.2681258163792502 1.1337920065300575 1.292662352315383 -0.8692671967272896 0.21226634151123683 -1.9821670205372137 
0.31356149054518573 1.0598958359299495 1.8962924523796925 -0.7159561110410613 -1.1513135018897767 0.47354559871330376 0.04999981306003799 2.022485908272927 0.5806516661952693 0.20664726882319706 0.14428197610184695 0.3312209605793846 0.8993856965151017 0.5138099814210548 -0.9532355985385567 -2.0181398529828662 -0.5564125945722376 0.7249711421000622 -1.2556816254848073 -0.399000670684845 1.7186425067784825 -0.5308454465559288 1.8042648450877856 0.21633705836253714 0.58608572229682 0.6090404587386584 0.9191879717211906 -0.7807493394687784 -0.691836930086256 1.5754241508727143 -2.8026853726343233 -1.3905425843480959 -0.3417477179764702 
1.5483491692739884 2.0868632284959556 -0.406336900592552 -0.9020078015352753 0.2624209863822114 0.5840830698879038 -0.3674585254552055 0.6093458861829619 0.2759456817531295 0.4524949359588314 -0.39016655210938644 0.22908144884079668 2.610175976589009 -0.22137948326246906 -0.9999101701934453 -0.37477289082578863 0.862708509980226 0.6589696361953149 1.3139308844089572 0.16026524846842077 0.10499249959307318 -0.5581542277534636 2.1884846472519395 0.3646501781016841 0.1692657962223013 -0.10642400620446657 0.6477662485120307 1.000067110173075 1.5233035421062024 0.633597087348282 -0.8551918260029782 0.9751806181565739 2.3357110812689346 
-0.23598590718639764 0.946738247414719 1.4754251869373431 -0.6899821797597295 1.7908287191018124 -0.37185691662581516 2.759086211409327 -0.8585405966989409 0.5481715026998337 0.4322240447062554 -0.9983658713262165 -0.7992058716185477 0.22351593728081082 -0.4807865167367206 2.0997492945738987 0.6974314861625103 -1.068641800420723 1.6985459264505474 -0.34161246843316523 -0.5582643840762711 -0.7692609670932493 0.9040917082380842 -0.27126793022929263 0.19674429036811772 0.03327653091750626 -0.1643796914869517 0.01848797817898768 -1.9475298113610966 0.22297146055111444 0.6518211241211862 -0.3620430795517124 0.8613826870897761 1.7294606069070966 
-2.0537793902214876 2.0228014174590085 0.23176965865238067 -1.4096638402791286 -0.0909918646036258 -1.2553087384650092 0.5302022160738942 -2.1642140598807136 0.7406228659682312 0.6682573452241478 0.3132920119576154 -0.9926248703357489 -1.1600268004532779 0.7031408372547212 -0.37057412893520225 1.7668778772164848 -0.29400959537137517 -1.3581718638340627 0.12314220142345816 -1.0980064985339544 -1.839767381108034 -2.22883330398404 0.768957421225581 1.8505453674468748 -0.32525311402131635 1.2602006486162807 -1.3997274964700803 -0.8557321619876802 -0.6913413737883312 -1.0875306787902321 -0.24561125296825073 0.2038200232155619 -1.9608161021213626 
0.6952922242510463 0.9243345858937019 0.8225243517947645 0.30225116608291164 -0.834994870125096 -0.1691983533909706 -0.048130256752661964 1.129695001600433 2.0041478830361115 -0.026987364497235683 0.5042281460161611 -0.47378610806367205 -0.6160263330655155 0.11349034533729314 0.8793272437270296 -0.5988950247382394 0.3189083002612015 -0.5878816470863448 0.16120734894218008 0.068855908911754 -1.2632907826983915 0.783385357658109 0.30497441802836367 0.5624434292491689 0.7411027987911797 0.21606507549551052 0.12866044472250324 0.891718989237969 0.03165616819025233 0.14681786178391512 -0.31398997066320466 0.38302149834114313 -0.7502526900913252 
0.23518666404035557 -0.7602316554721944 0.8317556290375139 -0.63758263128246 0.86873400414556 0.2832759136240397 1.750528731857571 1.782324605801318 -1.8581494822299947 1.648406361205179 0.15236328459340168 -1.7020357998433437 1.496799954544542 -0.421575078547614 -1.0139000363775448 -2.201166563163482 0.8801238506098467 0.05833101488152875 -0.6486743453686399 0.17613560347986298 0.49930045550212154 -0.668938317465166 0.9172374077290969 -0.7301262437881577 -0.06972794870960118 0.007905609672447824 2.9503095422400607 -2.506656145096182 -0.31732586405159663 -1.161656224194236 -0.15361788505847415 2.5081972723298214 0.7753216217379324 
-1.836382896628516 0.5866543827272638 -1.3736066233486288 0.6038993684049038 0.21447508427920794 -0.4829261848845641 -1.277576268527368 0.23858888423702182 0.960631812074112 2.0782908483183715 0.7861168162818937 -0.04574243074865746 -0.11331951270124087 -0.20368837020436562 0.28806707145289795 2.02215451891286 2.1136810644723467 1.0038967934042988 0.7117942125203783 0.37810127401478866 2.112076774057559 1.0512242171713788 0.22183640906531546 -0.4527103092389963 2.0873374653240475 -2.065100455349771 -1.2944731127699052 -0.5646925084608229 0.7416773206167898 -0.503385607475509 1.0098061214294702 -1.9459087388618597 0.22168873086800261 
-0.4023827280086917 1.0022255377991889 0.45222664696710285 0.6086115161590521 0.4548620282829403 0.026322117874366356 0.05538243409640287 -0.9863115039175286 -0.1833870315231813 1.306687156085101 0.19145408601543898 0.10555206567642593 1.2898899275469768 -0.5089972842574889 0.6468692837095572 -0.4735940753823344 -1.0711056950541853 0.44576188674927897 1.274094841856456 -0.9714480861107532 -1.1342332239357853 -0.54998718480519 0.8533560368076749 -0.45045626268627076 0.3523328529406786 -0.706807188727215 -0.29398257191579485 1.600770657703379 -0.45923259523586285 0.27857756303952647 1.0337534087713027 -1.1297298635533763 1.7780918219402189 
0.2984582078466243 -1.941039731930372 -0.11373529896483511 0.4617782674858972 1.9237972770395837 1.471052110570628 -1.021747469456046 -0.01161832262490852 -0.6870382472881181 -1.1546906006230615 0.8077073089324195 0.17182788887916417 1.314753119894619 0.47222199981739704 0.5863379149688757 -0.4195353860636529 -0.7701603897027852 -0.08965960110553134 0.7004414964865588 -1.0265331323196478 -0.27003715740036965 0.3043202343452874 0.20421069080564522 -1.7406566850191436 1.4304104033539116 -1.2391131402019364 1.0414759735919603 -0.6146719253912984 -1.877044719183901 1.0453210754268352 0.8805422809795874 0.3245277449515719 0.6556691776772938 
0.11948547456742055 -0.7961322182650493 -0.2580436181609686 -0.19721726101065976 1.2273689632451985 0.023429366035603624 -1.2837923913988412 -0.7931462624484554 0.1569183732925255 -0.1675010834707956 1.3182983016818992 0.6896729520632622 1.8854835265186072 0.6942913728767287 -0.5451820685072737 -0.5804121099279377 0.26012482438492307 0.7007676580948741 -0.42602936275241804 -2.335188743792362 0.4338892138417286 -0.8490640033394816 0.5798214456417757 -1.3654790144127946 -1.066826931990831 0.9536903757840075 1.0818133273011283 -1.9262999568663035 -0.7723372243260511 -0.2473650229703055 -1.403168537300007 1.4172265867802707 -0.46839000813453424 
-1.399523469511691 1.3700830805263184 -0.8351102735070407 -0.4904390598929873 0.8910771573326649 1.2313791953673494 0.22505040873114798 -0.47095645291193394 0.35254173081805507 -1.608813000523367 -0.4933147069129487 1.2483707009243905 0.3910870400141705 1.4176175675269536 -0.417274024786048 1.9649654648710313 1.5933602039712536 0.24432518601411538 -1.1625066425472719 -0.08827857768475673 -0.3965351424359837 0.3660142489867537 -1.8864748917542704 1.1600025577516064 -0.1751909557966435 1.3305485157103678 0.23388483754313988 -1.4269995034495415 0.758214511276962 1.4118917650463052 0.7944306627661492 1.4153139549766318 -0.7702387699258042 
-0.3127283126949637 -0.44563511900904623 -0.14880365517046693 0.10850725032121494 -0.32996209328918674 0.26100486846959053 -1.7525093077518572 1.9854389933800496 -1.4527886702561186 -0.18605035896355313 1.2646917522586103 0.9505414866769731 -0.3261666005717359 0.26489787078786764 1.3239198427432037 1.2748741375602382 -1.1064426292693637 1.3362384030036427 0.007581683255172231 0.4330627824975856 1.0370766123705963 0.11766584672946141 1.3641118115780657 -0.5644187459571627 0.8363755607637114 0.07819268114783667 -0.9757138783740181 -1.6873317542909303 -1.1667790132270082 -0.012182006934467176 -1.2614440388035932 0.4382316409182103 -0.4935057711742616 
0.7877804042921105 0.14810533513589005 1.04752162716879 -0.062128632338180764 -1.1453912654992942 0.19326957005459078 1.2175445902899527 0.47068448652535755 0.9040209241850269 1.5843727760090762 -1.0139010025973565 0.5920371143324351 1.7720736544079807 0.618673545123569 0.1880207781294161 -2.318337503076042 -0.22687071932809108 -0.3925079839887805 -0.2531730604143103 -1.1380478822386537 1.0048534438359462 0.9570481109389812 0.35417867061668046 -0.7132612629342913 1.865064289555781 1.4939815683701174 0.3281683342505178 0.0036423264667348226 0.7419290816424098 -0.061029245389563995 0.5684141219349201 1.284534570999107 1.381345947071423 
0.5981111450757042 0.16770521258541468 0.6928390385585498 0.08521374097359911 0.3595827353103623 -0.39232140044013075 0.9150931199695094 -1.1278353375438805 -1.7386877355143069 -0.6091120557038063 -1.349438351103552 -0.5343081723733004 -0.49338746610341316 -0.6322683902009554 -0.06530858733493562 -0.7659384749502504 -0.3643987667866074 -0.6621493682788913 -0.9711321729977969 -1.6770862033633693 0.20911868293271055 -1.3057077500953493 0.6772298967140361 0.14322312311377206 -1.4617492913731605 -0.6352422112376385 0.42346364680146925 -0.2630500357496601 0.01429893983416992 -1.3906897874367659 0.7754323777847518 0.07862808957218918 -0.037595952068529816 
-0.9997852626436708 -0.11506740755815219 -0.1374076166503825 0.12346215416585547 -0.3666954522379728 -0.9031099618241191 -0.08426473933691286 0.7820114776407261 0.7960324894739153 -0.2531386895775751 -0.8815848177683789 -0.7259751414986099 0.5746198244550004 1.574845229292388 0.4054303244428835 -0.3066661794532344 -0.36580473664121377 -1.9398431869711608 -0.2812722013827661 0.3085415834256063 0.9709206314736503 -1.6519845490839435 -2.075948640052498 -1.0307971048296762 0.0807606459003882 -1.8533255142794318 -0.3178102171955836 -0.5039108441668789 -0.7324231669267226 1.4165866700069247 -1.8493032551744284 -0.5898450040187121 -0.13250080420182067 
0.8110093182508018 -1.3442718766409394 -1.0988770996220993 -0.3504223301747129 0.023887018083010487 -0.7657132499063466 -0.01530934454293057 1.4449512089373833 0.5567476622369093 -0.4994446553240131 1.758331607313486 -0.9868023500642905 0.3398994457683802 1.030102166596963 -0.11887564181382117 0.08613670961337164 -0.42332171339700814 -1.391466009016048 0.0036974197262096237 0.3791189783174075 0.6450993826682475 -1.5421799826935836 -2.0322842345808807 -0.3892646076052021 -0.24117103361167955 1.427959699226731 0.03921814963660898 0.12200180733399484 -0.7637624844820722 0.14717299877389142 -1.6986177575516936 -0.42322876092511147 -0.8768459449338233 
0.2934406946623743 0.11992727139949655 -1.3319647057217332 0.5783625537980831 -0.034770753383540284 -0.2523057189641426 -0.0017964558364777445 -0.48315680884406037 -1.5593864464255502 -1.9987291756473025 0.615711977527902 1.1443350836588326 -1.5044632540463598 0.2048781243420087 0.7468921528011396 1.2721606699106383 0.6338417868883773 1.221097365347589 -0.09905149950504324 -0.7090656213088661 -1.214772416002456 -1.5008155054098395 0.038633501017549525 -1.8426360478548864 0.7223790777196816 0.9291658811782683 -1.7197390801303305 0.7307373527015667 -0.8928856722072811 0.19264592205080214 0.9874767663273541 -0.7456053477075687 -0.21054855691580643 
-0.7062844980122915 0.1540111435024434 -0.2165436067354925 -1.7182232698613327 0.2080284319526158 -1.6978869057113577 0.8246755693728589 -1.3854023717586286 0.7395309766934283 -1.1716128533351162 -0.2533353185472936 -0.9004000703216631 -0.8469019775197896 2.1029631070252885 0.15485010461121604 2.264757417140739 -0.4522144044211407 -0.45912486381745615 1.383512563243919 -0.802280790859973 0.5270656570800327 -0.7193072767981608 1.1467740449173514 0.12542564216499585 -0.16239977277313772 0.9927952614538617 0.41852608928952534 -0.8303449521250532 -0.8518029029267151 -0.668337556046943 -0.8132614457184579 -0.029092684925643163 -0.22763011970221708 
1.5517350973026487 -0.29207693344272007 -0.7149710068144298 -1.238766808752584 0.1203160851272041 -0.48415006397303634 -0.027931850762600775 0.4710723752825809 0.6661327220275055 0.4949250297518046 -1.1671586973021153 1.587445391432167 0.10224803013085107 -0.8822377653465041 -0.42368326229140946 -0.1508706162457999 -0.9582836505399951 0.9100566613885038 -0.29594260394898647 0.3770970046110256 0.46947523299641614 -0.2658872205145575 0.14535418580941564 -0.08573812491962507 -0.5369004776949557 0.5911053690147648 0.937295017358912 -0.31763266917892413 0.21544566998278034 -1.3085062880399623 -0.7124201933607868 -0.2341144818337888 1.438050371024362 
1.8869119038307078 -0.13046921572529752 -0.6092680114868286 0.30664988325319453 0.8558608177201683 0.568679677013573 -0.4634002270747523 -0.5830848543029328 0.9899157788692726 1.077809640766728 0.4476682572390855 0.8996866492066119 0.9265329475561451 1.0568946288882548 0.8614549835526779 -0.9407337398688435 0.5271458025320294 -1.9659647895766221 -0.990115547380774 -0.16782382217041664 -0.7728575407841034 -0.6173783412040773 -1.8960361713624148 0.2298418410502619 1.1358723591187618 -1.5731953576570938 0.5870922082063375 0.6166729060700107 -0.410198481617568 0.18245547115043437 1.3154510702705446 -0.5842898291988 0.702368450331202 
-0.15993444513268176 -0.3494216307827737 -0.26155840478221337 -0.2772769161025964 -0.1645414316406454 0.09919102861564623 -1.2699689870220097 0.006959369549857948 -0.6608845259309251 -0.7420429339536025 -0.9801320089623279 -0.025775443791822446 0.7912718125666474 -0.571889672476723 -0.7271937790011118 -1.1959297052170337 0.2898025294559706 0.35416817619031027 0.6645175439215354 0.505415935323909 0.25824784017555563 -1.1935316741920226 -1.1292416092469735 0.09263816421451278 0.7273770189900323 -0.7870830706701801 -0.30595844854003873 1.7739088652274044 -1.0185617916474743 0.25053766923857196 -0.9966549820396404 0.5102346707514093 -0.2748606477684485 
1.1645914627957092 1.0168219161838323 0.4013930576695834 -0.6977802454089604 -0.8537667798610954 1.2007921703718296 -1.6039632360041245 -1.7111117265066527 0.3780054018151726 -0.09159917010134576 0.854614005088231 0.07706636923270699 1.1497642257784717 3.41688656106203 0.6447176917277151 -1.3469262569125262 0.25468504410400167 0.3703928751330099 0.10950701416865845 -0.9143877847095778 2.1757230753370203 -0.7054532751885698 0.83702098425867 -1.1904620030143176 -1.0666612482382414 1.8533848613780126 0.034670841941379406 0.5347933300670286 0.09567338297824905 0.02140150655384448 1.1750478226312149 0.9067824860311474 -1.2101696133438145 
-0.5845072535690842 -0.0973343583598503 0.02315112440569277 -0.18557063803998458 -0.5846492313610043 0.8205793604082163 0.037997397433180986 -1.1725825555310883 -1.2326372671498502 -0.3668707127320383 0.17574480026696063 0.6612065756506391 -1.0507532742296875 -0.6747745373235258 -1.2304438265987698 -0.2760000990719178 1.0666045302882654 -0.43856455666767535 0.5838155846394429 0.20399366006717412 -0.010125438129796499 1.6015514771507173 -0.3045582029094306 -0.37559368973455326 0.8857835455804037 0.2112811548073078 1.3504891571021673 -0.3659165226892404 0.8234562236458132 1.1049801696067676 1.8722213998464718 0.5879211360932328 -1.5846095992152953 
-2.162546579242694 -0.17437993055673226 -0.5080765464142128 -1.2437819258484282 -0.39623333800473115 0.40798236388524667 0.2259894903963595 -0.48210247759735453 -0.7682392494794027 -0.3454651567292298 -1.4547858918038024 0.6810516439470804 -0.6772440018297345 -1.5146491566594003 1.5977714852223457 -0.8714430323264497 -0.06281897174727662 0.7436545637550558 -0.38183089842455054 0.6000298653691926 -0.16340098493676164 -0.6784927646765757 0.9235596813198319 -0.10424017243041785 -0.24081888965816786 -1.0669570167937155 -0.4937897002200368 -0.4180537287539661 1.4509506902343958 0.212061192279807 -1.8201922891976952 -0.4682574661738636 0.7361669700302921 
-0.132911273487075 -0.41836173353573314 0.36530218944975124 0.7868055084543503 0.3886042373970182 -2.178527457733602 -0.46358585623110593 0.32462555350745503 -0.45122569593223383 -1.0071932952730553 0.8715190994430599 -1.6469952040899754 0.5091234707500876 -0.5881662829019286 0.40462248335290507 -0.7180264313499314 -0.43827671785622985 0.9235446238823809 0.28438185069169564 -0.2603608016579556 0.7285673752732633 1.2729962738486358 -0.43931789799070725 -1.7579054031560886 1.111252772441203 0.23342135302249753 0.5239528433150749 0.7243847491052291 1.2804147126314753 -0.8172523644154788 2.484373989184131 -1.6196526197272263 1.4561643919692857 
1.0819162870978833 -1.5887859236428763 -0.915271331808178 -1.5748748425064574 -0.9144833707737281 -0.4400533737764655 0.014197675798296285 0.3076750545904606 -0.20617164791831055 -0.2406044759440223 2.2569984259077778 -1.1545822621768802 0.6298620138343287 -0.031554680700567814 -1.0558779987032232 0.8038002702617862 1.007679829851649 0.9365375858292664 2.5133830262911703 -0.1093259178820413 1.5496081043358594 0.6570436228980021 -0.5886569561217051 1.151715863827207 -1.8078519516635523 -0.6824095639300202 0.8054687967580126 0.12257923892963163 -1.1384727835833626 -0.7295681327523503 0.8287209833893969 -0.6868493807920859 0.44762564093438995 
0.8411940383835363 1.1791642977657089 1.1614212694300878 1.459948391137258 -0.5626722390620252 -1.2996983022062425 0.888496322906207 2.1115941163915095 -2.7318927537452877 -0.4966608617401034 -0.7897112355212587 0.6520377963365123 1.2769366058499143 -0.21784112404303813 0.40424680342727953 -0.9615232151450062 -0.7146828492683962 1.1260417935991034 1.819871964964426 0.24677824811175192 -0.4221008897483137 -0.5639504943181117 -1.5772849679015017 -1.9203348152979507 1.1821131198216377 -0.025010611850645893 1.2364603885776428 -0.1907244076239565 0.5955218140909562 0.07375307837003184 1.8930620717559152 -0.42913929749947954 1.1853883457063077 
-2.0466828804309545 -0.08354060976137487 -0.1057675258008097 0.5737199444720863 1.8545458905412668 -0.3185041484453752 0.4745046801360965 -0.3119651628833904 -2.434343725473137 1.6306757469790405 -0.31905185474801984 0.2574607830564615 -0.45045413880339286 -0.6969333441402681 0.8157988229031774 0.7334352190134832 -1.3292331381698175 0.6924880212266739 0.9832323514147765 -1.0472841183634196 1.3570209781109597 -0.8916226790715501 -0.5635533909389561 0.19695379858953113 0.22648316615503564 0.22646967514254743 0.6668257420861444 -0.009778123609451524 0.8747067690981122 1.3795835509634626 1.1759149171656065 -0.8201157072831895 0.5238020620610236 
0.6129236909878325 2.0060307792476615 -0.4771902330016797 0.5377678306801384 2.2913746700866637 0.4163466102618412 0.7504670181684582 -0.8150877721209022 0.13859460161736123 -1.637034035630681 -0.2992734273923261 -0.014609498531268167 -0.030071804202798653 0.25445950131489986 1.2571628756187205 -1.9852952216504205 0.38517308957590574 1.6692794706075642 -0.6744495701095653 -1.4509760218127024 -0.7298915112913951 0.3630865808271147 -0.02798190002841337 -0.52374281000318 -0.278731695575198 0.16866433196026437 -0.36889929149842865 -0.5624545278081061 0.5050420144940235 -2.1556237818381483 -0.016821676747468924 1.0523161718934582 -0.7589616559425219 
-0.8590793307164952 -1.6658897463606854 1.3833533958371935 -0.4361597235459957 0.524389342062096 1.6300433644854435 0.893020600376275 0.4412467077111806 -0.5636577017096375 1.6852415445977986 -1.6135894650775633 -0.2214656414629297 -1.0783616765082862 -1.2118326762036364 -0.5110211393948355 -0.5772651972503242 1.0340778466323157 0.9675443705102894 -1.488537891770018 -1.9992020649405542 0.025251003348606305 -0.011455524657874444 2.372391816276279 -0.38386707180325774 1.9412464238001448 1.0214299450575839 0.913561101790125 -0.5537542705542543 -0.99702002420651 -1.3248345877600773 -0.5982730249929975 -1.0104936507285023 0.6017184098276046 
0.25192854001657283 0.44205941117331254 -1.7574051336331995 0.2970320306875516 -0.8338351313389515 -0.19831655665472342 1.4640026976146292 0.3882469347364759 -0.20537421031580277 0.7900656931008648 0.06358428979805004 -0.39857438009321156 -1.2719498961237845 1.1167311520635692 -0.03459040176487952 -1.1152901535646824 0.28994660506890524 -0.10384932956324978 -0.7883976722371391 -0.6634807230676738 -1.2752595370853654 -0.18874213405564075 -0.0899228922570904 0.8610430600367911 0.9169761846057696 1.5519269207484014 0.03633952401893161 1.4505311353914323 0.2269701118113989 -0.32991520567176036 2.5886396454343195 2.1244722665478752 -1.2584867331472838 
-0.9128032242336916 0.11956205491717363 -1.5752373558840345 -0.5563108609876034 -0.29385413330087407 -1.0303057633567936 0.32362506927732243 0.37941936794504083 0.15736465989295526 1.8493833867317064 -0.39977080894834 0.9795002274599498 0.3570763446213137 -0.6108222184907247 -0.8760958647119369 1.1733129782587661 -0.3299698495786235 -0.9206830844292074 -0.9129404075216244 -0.34839185990040006 -2.40479926153253 -2.52195568550029 1.4695595719479138 0.4821571772993526 0.6543957547006172 1.4688091151771911 -0.5624233158005146 0.8818901810446852 0.9799697061064799 -1.3469661732680898 0.392870273914211 0.7894177361862411 -0.5260912165386858 
0.3842052272604432 -2.2676842940163406 -0.980383393982339 0.5094954898464765 0.6042423922621943 1.7152800529135837 -2.4527031134927295 1.5096302520685518 0.5279068435274676 -0.33124720021853865 -2.0771247975079157 -0.9693811252699821 -1.0743711937226694 0.6994057729526258 1.2231333833589637 1.0470015956590588 2.435557138230822 -1.119763154192999 -1.0877113817807005 -0.7956419823340554 -2.0032789084848455 1.167615054626596 0.02679182245350872 0.07610062780757428 0.07622894816514575 0.1267062631681626 0.06063922116571255 -0.514299640984148 2.0351450405766265 1.7244787592310777 0.44445315619816883 -0.3360062183646033 -0.2081849511620979 
-1.3372187198917524 -1.158052834307424 0.5432325023979248 0.6470416660707998 -0.8951846989422925 -1.0935169100430908 -1.8187299650711606 1.729953569167191 0.19039657681943192 0.09326349126475987 0.8183796086181363 -1.8655221128324124 -0.2284355726431369 0.016970729779963646 -1.1000990584196066 -0.30858372239800297 1.124146594281654 1.3439811011383236 -1.9558164995871525 1.97332132731975 0.7984823837404939 -0.8827797487642431 0.051919547888082625 -0.16111591748424617 1.2612033541201564 -0.3510818464890009 0.8430108940693879 0.6518955593355529 -0.014701949152917504 1.232456888231931 0.29675008504003314 -0.6831755972703119 -1.3527769716722378 
-1.0919166988340059 -0.0712514348017185 -0.8168997826242279 -1.816508956694501 -0.20847455196686435 0.938229938504126 1.3166608901456989 1.5529673005539923 0.25945247886104356 0.18779651345134815 0.882601916012703 0.051809589581114396 0.05590271238458319 -1.4098436629191375 -0.1412075382067399 0.32829459869920985 1.082886901367544 1.2839600110471807 -1.2759992847652848 -0.3302765374417862 1.2963972375606707 -1.8719252590839472 0.2886322834524527 -0.19280906653982804 1.736693799365897 1.7036974363325432 -1.2060679536483216 0.7172292146990672 0.1445279143454997 -0.1071857204354873 -0.81801350442799 -0.008492118840163109 0.12348257139125922 
-0.41571559443487743 1.5058902020687874 1.207661678351419 -1.0954520335188187 0.5381638863329635 1.6978090648571942 0.40430127378235503 -1.0426874815534202 -0.9380848472636522 1.0887016450144085 1.4137765985327346 0.2719492990215479 0.9906137892960235 -0.12727006447620276 1.2776950489541932 -0.15204212524247285 0.04889417453758435 1.4470890772927638 1.2023431182088513 -0.7830093722454431 -1.087473043552509 -0.5639713469414335 0.14705328272101162 -0.013335869978567103 -2.3662888905522963 -0.9423859961786909 0.8626637847604498 -0.6390200701262707 0.6009401421754742 0.1424523144639278 -1.6609067212081754 0.6101371961230284 -0.3787464006758904 
-1.301796897983702 -0.09440339023210469 -0.2637755654111307 0.3957701134752025 1.0515574946920148 0.2889613235808418 -1.2623582067112173 -1.7876192264918436 0.37172407491201265 -0.07895115452299435 -0.058343999510202214 -1.3158846804506805 1.180569712276563 0.6083150431653831 -0.18662597070185757 1.55451871809714 0.7593752837098334 2.4885326046280904 -0.7310016825360507 -0.5381888103803941 0.4072285524550011 -0.2920696296716602 -0.09797242557196886 -0.2332452776701251 1.9269645577978385 0.3314020442533439 -0.34531730339768824 1.4310408234889644 -0.7289137114311217 -0.35381401390102185 0.026392470221778593 -0.8616017175218179 -0.2611027257239567 
1.1085649451247046 0.1699354074109775 -7.496447094779763E-5 -0.48706725810807433 -1.8038616770677438 0.14150354017504846 0.22661690406946067 0.3822890751690901 -0.09837829925414311 -1.2141944744354698 1.0085399390073286 -0.8526286636410553 1.939646332152215 0.22150953452428776 -0.31330360213768005 -1.6125577540393106 -1.642424987004648 -0.4738171131722258 1.3595942071924887 0.5236017724277707 -0.07347217361985336 0.3069528023150788 0.41980403449953785 0.46304956905062566 0.10421518060795588 0.8834430135134534 0.6993686499123053 -0.016287360893155304 0.49048549961585464 -0.7096313522359122 0.7035326172828795 -1.2760038448341806 2.523897055020117 
0.7931799313632812 1.9785311736032318 0.2603062481022291 0.8083869411359977 -0.006638281840839676 -0.43327316915396674 0.7563638769230665 -0.12459720229725336 -0.3625989893555787 0.3395930722800934 0.4191138854117351 0.6459579774061547 1.7940434031490535 -0.8070595948037003 -0.388180504609628 0.2324215637891255 0.17454625102446406 -0.8764236941065537 0.5113610819366395 0.2813417115878473 -3.2128426640261014 -2.4199789744918476 -0.06930771702720288 0.43232727369465407 0.4427121067473149 0.2828959475058913 1.5923801853720616 1.0368592085971657 -0.882900070493404 -0.0684005513244096 1.1366738283452127 0.9276185843408873 0.19120061396729104 
-0.26317611166815574 -0.6795293439567183 -0.7010221255618212 -0.3968827828254675 0.18807458027735502 0.7892331491566486 0.6555706171161045 1.2658389302650332 -1.0474302452887456 0.6927232455167837 1.1065541813367576 1.4921890506712177 0.4414338591295225 1.7510952426036803 2.3245177430822257 1.1551671406532593 1.494596904651367 0.10214945104205217 0.1018632194044538 -1.3841831527109671 -2.3842792819653087 0.19193186358125147 1.8044671680581823 0.8391297050237365 0.7338926043242885 0.697407246399317 -0.37706359861499295 -3.305026707250186 -1.1050179335505372 2.0910375178401677 -1.5944878164466632 2.872581559908089 -0.701043656034255 
0.9432966593469021 -2.293440761380163 1.5755177334324642 -0.20643721969812237 -0.38391431309776924 -0.05228998556416807 -2.732697130400513 0.05231938626091675 0.061561003240222616 1.0161910503047589 -1.61665260914686 0.9982519325299569 -0.018330469034557477 0.937274088186293 1.4732474770307962 0.44455176282600894 0.9642390458656949 0.3826406542978799 1.3550282875571948 0.6358389032571178 -0.02381275599907932 0.4728826815635911 0.5099752999036795 0.1849364242305731 1.56740094698191 -0.23850678995742408 2.1553893520710328 -0.45373886302189165 0.061318505870217324 2.0943981601423927 -1.2312217431485937 1.739354054509237 0.32764685799111426 
-0.17983786827654435 -0.7371983267752006 0.03194945526292976 -0.4829096129687258 -0.20941439502498307 -0.890256220208708 -0.2522414381417592 -0.8226882581359973 0.4075681298762197 0.2531969199823708 0.5964481837175694 -0.5251719472485651 1.0810241615706515 0.8177903513503418 -1.2224486618978143 -1.1780118580514913 0.7556010661245905 -0.05753935834224487 -0.11340657356548162 -0.6264372071662089 0.39924765954507624 -0.8745678409922018 -1.279500557932932 -0.06944635969779624 -0.7368353776369301 -0.49449295740476246 2.0051838826640394 1.1744616506097239 1.1769945818595184 0.3792870913282579 -1.1078243583449394 0.39696381352124166 0.4678007139773994 
0.9671369370409875 -0.38142243854096086 1.9389407196239394 -0.8477910089564225 1.1446762398616883 -1.1618237203454171 -1.1589687370719928 0.8725729206451154 -0.5065385840341969 0.10249075487723172 1.0332853218171514 0.905042026344893 2.331820713014115 2.5601887257642786 0.23110491069073888 1.017773999040462 1.5101499608228128 -0.05664402082660799 -0.12210852954442342 -1.6412948691122968 1.3516611857251752 0.32831396508391497 -0.3399051828330678 -1.1242541963384782 1.0177842155953571 0.8285666487340163 -0.3523562510388829 1.1019951608973264 1.5676301651310007 -1.2603183721391207 0.1388653923330348 1.0306162497372997 1.0528618060638362 
-0.23415112172381936 -0.6042885719336658 0.9092494427311916 -1.0453485559955056 -0.9804801377889812 -0.706804730813116 -0.8945974988949977 2.082027016195905 0.039920519482457256 -0.7389599362401552 -1.3239068813319461 0.9599544477809218 1.2662389861593741 0.36962497025715646 1.8407838213111034 0.6640208217879298 0.7383551032118915 0.16361216509750182 0.2898272054248341 0.08278039699682078 -1.2508446052284792 0.46146239987813303 0.791879249713922 -0.3225982481801763 1.6571441110607388 1.0912526099306818 0.7149229874781973 0.14492597927269502 1.444864873718811 -0.3303767634974351 -0.2774279955899869 -0.15404199031422028 -2.3530813802182275 
-0.012849775303012108 0.21983526279843796 1.0305959043153825 1.217514409010144 -0.129611007162929 -0.9214565633562385 -0.18285397038619974 -1.505752910054766 -1.6894793447904008 -1.3236539431436596 0.2517356361555351 -1.408829653025985 1.3820958400107028 0.7767173458669286 -0.5296663310006313 0.2795036010860905 1.2048397171438812 -0.7823776420346245 1.2271145933671495 -1.7200895045280273 -1.4118085850090996 1.3547299205596894 0.9791254091501126 0.004597998840838368 0.02758138128464964 -0.8019783725661046 -0.9039442463314339 0.45343120809436127 0.4195584170657284 -0.9749632084767796 -0.23597652480219847 -0.6080642338583071 -0.49500435631272127 
-0.001038032100427709 2.045856975812053 -0.6435246901019539 -0.41546837654657676 -2.681475076205798 -0.6285573664096894 0.5777770554756025 -0.5486862948280739 1.349414417058881 -1.2894704343928405 -0.5061715075198815 0.4897739639694106 0.8042811137577329 0.5244956148240185 -0.19937333171333074 -0.6820634784239249 -1.033281115473589 0.24746254036160967 0.06726653799276806 -0.22148524977700518 -0.8937644694297832 0.9024894001452547 0.7291998465450389 -0.42166346816785344 -1.4444129632764446 0.42064357936403046 -0.9904911138825299 -0.1481660507095589 1.6242857016476884 0.7623466330109876 -0.9638649997682693 -1.0244815533752596 -0.029011416729803792 
2.9428503932918346 0.37447033199860574 1.170174806213408 1.3714299576740285 2.2181760039435314 -1.491643996524786 -0.4242331897234202 0.39084021919056966 1.1691811076318757 -0.785396649015575 0.8880798909077201 1.722351858152493 -1.3600900538265563 1.9955087326797176 -0.5756233869063233 2.3715689702954545 -1.0355378774943342 -2.2039426595492793 0.9533187649922121 -0.6183179934964299 -1.1128037489105855 -0.9573026990687777 -0.7115946739931895 -0.33247668370034467 0.11233413962495176 0.7931354480862816 0.7164396678676549 -0.03218646864110487 -0.6792892720318048 -0.4359539603303948 2.0608709331839017 0.6290878261859485 -2.0071564064878484 
0.8853834090365955 1.773096879992091 -0.2890627953176916 -1.79290886002104 1.4453141367955262 -0.645323074447256 -0.23931501511672068 0.1940503116308307 1.038484763415125 -1.3315647911482704 0.004467510295469997 1.8141325850849683 0.17568519098982047 -0.27152368458189374 1.3701802423717275 0.09817045269524514 1.565774767421575 0.8325879817461749 0.5601719526599639 -1.2251627217659349 0.6291458890401398 -0.24844503082061214 -0.6632927526682378 -1.0274528519929877 -0.7773411415694708 0.9107221343399995 -0.41268053258669657 -0.7734817114901517 -0.644455531430164 -0.38882985252739327 0.9821917016054381 0.8707360624317607 1.1804399060772723 
0.2455487702579353 -0.2094106751546386 -1.3575363006018626 -0.20780617907286672 0.614071002823291 -2.4058884710231307 -0.3409941497417492 0.49231866366444965 -0.8419270025333577 0.08637509595968068 0.22872973482583847 0.10429590448604531 1.2221914123792745 0.08508743122868753 -0.7495970575429914 0.8910016720461154 -0.7511994563674805 0.5987479482568536 -0.28084423010182513 -0.6256129545865711 0.1700125098815337 -0.4018206178636392 -1.1179877157173908 -1.0130173695064988 0.7560421026420271 0.6333679002339226 2.6091830703877896 1.2263810016342254 1.6697250035530422 -1.0832189662734157 -0.12215824519581779 -0.4913599171272051 -1.0263369846925616 
-1.72501695934064 -0.21812790274812444 -0.6260402382952995 0.8302619092243428 1.1840491639541622 -0.09693494733819419 -0.5562129684690927 1.7213541881040468 1.1136841023855601 0.4546689059920914 0.9322083196453625 2.075142078118792 0.06269407170664881 -0.38278934218371635 0.8925164998039032 1.1416154359902826 0.7231588513934902 1.3803066280054468 0.6816343523051592 -2.134039230367852 -1.0633863645162895 0.03779917194169974 0.8070075149073849 -0.9710614809500402 0.6616274825364251 1.6900527187332108 -0.9582964696412287 -0.02267997156421719 0.44455498412913486 -0.5493533627949658 -1.0587418672620703 -1.16622761325845 1.4293137849074251 
0.2586049601692167 0.04416049094902943 -0.8393245445724752 2.1985043185606634 0.8417776256270749 -0.1370489099307042 0.41889465918757024 1.764291630537678 1.484230937099264 0.05102376041288426 0.7653774022688545 1.1723673413172522 0.9394636602202775 0.946805339307803 -0.23540938275077844 -1.3217722356017774 -1.1543820238473284 -0.5859709850929186 0.3567020885173568 0.09460456307272137 2.059274021746203 0.55086319910672 -2.127730516633482 -1.162791148625925 0.7419295184655733 0.03629098776609542 -1.2022713174752722 0.2726098553863825 -1.1824274314216907 -0.7142254352149382 -0.07144727552640164 -0.10280362973130683 0.6698618106055106 
1.8661807944229245 0.7018472975266522 -0.7643806999763405 -1.0709433708516347 0.12089821740183608 -0.36829485951506324 1.1295590965322506 0.01784894229807468 -0.8246644525988145 -0.5057771566718773 -1.5810047002825263 0.594775973135984 0.028559258872789407 0.12671543702746915 0.13726075842130647 -0.014444027095954876 -0.4541076762459662 -1.4623424493379031 0.8988376790186625 -0.7690505030588601 0.0359015777036317 -0.2555802699796471 1.1923165267592357 0.21602550807169263 0.7245619054761521 0.05180058571051632 1.4946902946361296 -2.015450135302312 2.494999143318088 1.2123344692945388 0.681996058721912 -0.6527666167404097 0.9578161620352196 
0.35603129196188926 0.8508097035561905 0.3360797760344359 -0.8514382773119654 -1.0545668342889238 0.04695435687964355 0.6691559073250548 -1.1542711731150215 -0.44917363188210196 -1.2307831358322647 0.008317896823129157 -0.3666864306934217 0.1264230094350895 -0.14627177732329816 1.160407810014428 0.612040460722646 0.40587346985057116 -1.8455940614600304 -0.4391203354604198 -2.227575986297847 -1.3837572112249057 -0.4032612198220497 0.03800906509355315 -0.5250252388404306 0.5932620289160473 -0.3588952223279962 2.5525674433778978 -0.13111365799117447 -2.6940696920749825 -2.0272490132350183 0.4935877233319994 -0.889699428943709 0.2054875833093487 
0.1512295354855509 -0.7817508256591132 -0.15645240299349206 0.8379539839223631 -0.8760869838562199 0.3285185050329901 -0.335874456749023 -1.3965947902970015 0.9521585210211223 -0.8049230680800545 1.1989966867914632 -0.3828608281940737 0.497815337053408 -0.7703947686873013 0.1105892556925189 -0.30311264608830396 -0.8762771582023521 -0.6308244784549215 -1.4917036582725753 -0.06645303683462644 -0.3802162320817136 1.34184690140985 -0.376934867804559 -0.4095213389181442 2.359923506461446 0.24469931592234867 1.0409224564541277 -0.778263454336241 0.29821322263257083 1.1599292263946963 -0.4460977231294156 0.7991239314517429 2.2606417612212177 
0.01789237046682358 -0.7116904141844692 -1.0577882366811466 -0.97828251877546 -0.8388997086263085 -0.6768075448960331 -0.8397073580049144 -0.7422525954696817 1.6088580382415225 0.34130475004672933 0.28317275175902173 1.706164574440762 -0.8011886486987164 -0.3275070054570554 -0.05465260400438466 -1.6472794972431555 1.6179604328525339 0.300352452048325 0.1396709390925617 0.5573842652036556 0.9656860804255698 0.2027720459027164 -0.6505321388363957 0.0640863106589733 -0.5614141295479878 -0.8080216502765025 -1.3585467186077218 0.30172039613535845 -1.057096924837667 -0.5252344508730712 0.2211426539269131 -1.5219248290704945 -0.13306278713146374 
0.9074060986642359 0.9721200770534509 -1.0240204179246244 -0.07424270053560435 0.33769674296680685 -0.18186469905338887 -1.3152164529802526 1.540183352621102 -0.5552598682695666 -1.0945604464843637 -1.094671425331771 -1.1420018088031827 -1.477007774377593 1.7853978717370058 2.057615054115439 -1.3902104994434699 0.48678266725568703 -0.4621591480379624 0.16017559036390142 -0.0136429996619246 0.45894794430451336 -0.6331239766051908 -1.040880817446077 -0.8062110906177616 -0.21876162316211242 1.7454907293867354 1.4334393026561474 0.6708713737466196 1.1031751661596287 -0.8784014657200212 -0.5979494123014722 -0.029429640046206122 1.4757631204008528 
0.35443359326054835 -1.1473404551156525 0.6926000140839204 -1.2208945049057882 0.4206176805199469 0.9199652990204243 -0.2830673292125322 -0.15464191660853344 0.38125176515913095 -0.10644867358068003 -1.9350615411562455 -1.7146016830986235 -0.8610648231244443 1.8717077155948956 -0.6265008740765885 -0.29489468591796425 -1.72224257422056 -0.4412114268010359 0.2914390327954117 -0.3210975667080058 0.14773967862479082 -0.3356872971907544 0.5330258288835411 -0.33798199548478153 1.020628092660971 0.9560077429788398 -2.2423613280726045 -0.323313305666802 -0.4141743296238544 -0.0029826700800465104 -1.4408339947799924 0.5534100219237008 1.9118339644715383 
0.0290903660828697 -0.7757335686752816 1.6175905349445625 -0.7280776400892949 -0.32152672088115297 0.1717768824416564 0.4277605047340426 1.2777421346249436 -1.135275744277928 -0.5627661760365564 -0.42770754080995493 -2.0299845225966053 -0.5505027207813443 1.4197896924028774 0.3719925840412649 -1.5631920776771344 0.3716082614206628 -0.5549695166884738 -0.21674342684669146 -0.9382348002945606 0.5547686826512174 0.16777489623700614 -0.0663761884073301 1.746796926106148 1.6907829774695053 -0.1644971970616806 0.802943822065418 0.3722149574440193 1.8552100734900816 -0.8433354959660088 0.0021513964283156875 0.4665483106356721 -0.5341990743919593 
-0.45904714174215694 1.4251783317983553 -0.1651018735464675 -0.40049567015358556 0.19254547298655617 -1.229454285948272 0.5759779882496271 -0.10484992874181978 -0.8412437011213816 0.18743390204480584 -0.35483960144496013 -1.0720130039329776 0.31452811263671054 -0.6085305249567724 -0.02602809996919366 -0.4928212675573784 0.4546112114537883 -0.573450749105477 -1.1538328260695812 -0.7679659017821996 0.1866765056286492 -1.1506267723117174 -0.8659805270129278 1.3748514064222228 -0.20795381928610443 -2.279050989581902 0.38342994175830064 0.7995062313792523 1.3471567108111955 2.016739709388637 -0.0019820883872251347 0.5678341002118908 0.12490697661121546 
0.17534594916944118 0.5634767536873876 -1.7465394537245886 0.4605994531242663 1.014451255711599 -1.1472248360770023 0.008668690240219414 0.4821595878265544 -0.7984500978077833 1.172921813093849 -0.9286752171886173 -0.8127023562204406 0.48509410705169687 0.7636550551572813 0.7170500895138923 0.6240910907918253 0.33125388222353735 0.7014433127423138 -0.41253690952588323 -0.572999276854833 -0.5393957433472252 -0.37894755368191696 -1.991465745747284 1.2354122200859936 2.6098281473868585 -0.3261870109722868 -0.6355186571155508 -1.3712728964992045 -0.18248535758058254 0.6414029383466187 1.5109475199315343 0.08115192005810169 2.2059292765136798 
-0.39898470246073287 0.8011755363745073 0.0423331822653719 0.032231450323413915 0.26874952730643253 -1.9506784064859286 -0.44732830977076343 1.1919249400484018 0.20335849057259955 -0.10072100904215116 1.1368141014281448 -1.5333802084375954 0.8367811802827854 -1.9004127193166527 -0.0527535724681183 -0.04683334345464305 1.0490101316914948 -0.43026717431719336 -2.3786927250834378 0.19399273217740393 -0.5307304144340188 -1.1237955095117007 -0.3046541679133652 -1.4197137432278906 -0.389321417722344 -0.7895400389887588 -0.30345643307582093 -2.004029808278267 -0.7224767403487534 0.43985814281293206 -1.2244356931630829 -0.12248679870659271 -0.18330563169322028 
* 33 17
-0.7642577905678976 0.34280658247637197 0.15966848806687028 0.5631189961066345 1.148329111887074 -0.512415328401951 0.30575161054569117 -0.10841984597632356 0.5371239818681343 1.9465115576510212 -0.11297521811411519 0.18226325120062048 0.7675206276756568 0.21369656970981699 -0.8616923672729224 -0.5920715485910607 0.49874187202609155 
0.7148289813611297 -0.3095105771731946 -0.36934486041765735 -2.1900351016328212 1.4579107684992503 0.41849192613236885 -0.914477756707065 0.32034816982990055 0.5162526541192491 0.5703168321996305 -1.2504889610746912 0.3404083437228184 0.4549212118957976 1.557435941258238 0.9379100811799602 1.2345610626750951 -0.22703223085854204 
-1.9209677208541907 -0.19684775570013768 -1.391361043937481 0.12192653615577059 1.0591220122931042 -0.7235921331426355 -0.4347784217330287 -0.339082893174968 0.3649941707950053 0.5991405035913342 0.10233761525655541 0.2767069053285211 -0.4712085976688175 0.8423543350702987 -1.5417677139159018 -0.43777901845955436 -0.8236978223529301 
0.693485736571649 -0.5299066490873409 0.22053919163228075 -0.8089369299155345 0.9248271774807986 -0.8896469365631148 0.03329764250776924 -0.31323319763119173 -0.03639525013345683 1.0562733823934858 0.29073504058830235 -1.1307400577213789 0.2507423343407724 0.16527426238287876 -0.9343456655617085 -0.24001943667853778 0.4129809561682164 
0.19860522361819324 1.0771646099936474 0.11871147584454558 -1.8156595699083022 1.863830710707707 0.37679016276945804 2.1274904823572935 1.070434099066663 0.9115621978014351 -1.1481275845946097 -0.3304151146476855 0.43638692998206136 0.774163110152128 2.680709990605011 -0.18334909748933884 -2.7367430485528934 -0.6055189481513166 
0.1155281352958122 -1.065665327998136 0.6377334983620336 -1.3009160254590797 0.36088643796971226 -0.6148376111093897 1.1726779584518228 1.70038278335551 -0.7587972474490713 -0.05919362906943779 -0.6965457540494612 -1.3800315462435666 -0.6725562107112979 0.4426886407576764 -0.36497029746756177 0.6618451969179382 1.4396625367790388 
0.23465101801842023 0.23039864981623034 -1.2801612343387063 -0.2233954750518566 2.8659251669098897 0.5475897575550239 -2.1868465233237604 1.5591376344800532 1.4005903662955876 0.461044130323761 -2.054098716221201 0.7045538086313363 2.620281987006764 -0.8144646979369893 -0.39331116460170684 1.384581906136941 0.9954583142290339 
-0.1402966968636418 1.6709051443583585 -1.521751397398746 -1.6413497078081023 0.35207732974406397 -0.5557298089221181 -0.3970298476625578 0.06263585081331194 0.8708141095287218 -0.17402944780713442 0.31703533896577296 -1.8361499201527245 1.5542163702680127 -0.17740783384914854 -1.3903451464603231 -1.0052531577404997 1.3032310917895353 
0.7212812012235367 0.7765062935717599 -0.615486861206193 0.9974454627093261 -1.1120884077713755 -0.6828898897482218 0.3895730361567833 0.6191030064572887 -1.2677050297089592 1.8669611255191962 -0.16761856839680297 -1.5024087929536372 0.549689593814342 0.5064063227784357 -1.613130006845411 -1.5389886329154139 -0.833627865535703 
1.9835401348994661 -0.47819048167775446 0.5880703036850444 1.0293048142358376 -1.5956322320412901 -1.7036024545088466 2.6159694231913684 1.4332653397816921 -0.6936319574770974 1.4444777868205263 -0.4659081253631305 -0.09552894208613465 -0.3816981035160477 -0.7658507874583836 -1.9507366298552695 -0.011605964968094991 -0.40842853587091965 
-1.1184632584688132 -0.30229787012170684 0.2185051587184267 -0.05547625688580025 -0.6903404740793166 -0.23141133819490328 -0.8815693517002828 0.28533367893175515 1.2998972765348749 0.4636287832356507 -0.5624910032642202 -0.8822068868449211 -0.3576445940458311 1.3008102697195092 -0.9321579575093301 1.3106984022785466 -1.2482764805176358 
0.5066325220573672 1.5288837235728172 -0.7862385176687028 0.7713084547362846 0.2943324924208132 0.122163997837889 2.0922157222970443 -1.085569106375428 0.4267791705473214 -0.08990606195902222 -0.8925569826211418 0.2663001435799427 0.392065291185663 1.0680419440432871 0.9581900842264307 -0.0756414611963257 -0.20799404248885486 
-0.38339984731525223 0.6763742709085903 1.1716826357525325 -0.8874293987160644 -0.7721521683123184 -1.045435467118503 0.7644033156719622 1.4728967735838443 0.7382890719119632 1.1456952592715972 0.04500933618158264 -0.18075164419346443 0.6423872632178157 1.6173402156425234 -0.9571601317825268 1.9599348451821816 0.5289565867326925 
1.1126549997655235 -0.1589378651752856 1.2487988724457846 -0.8206691150051509 -0.18478189121226926 0.8420168500396725 -0.16286392954047238 0.0958834664431457 0.027500465487117598 -0.172751475201009 -0.04954000503682627 -0.6905350463221522 1.573822787131694 0.23217742959859514 1.7262887592092415 0.05667321742588528 1.0576946207032714 
0.5795777271250642 -1.2673029813122993 -1.6158706447798135 -0.46147671435461746 0.7044391383843998 -0.7219134321369161 0.6742745506625223 1.5433937463797622 1.6235219875507092 -0.5587023076873261 0.40266107454525923 0.7961486620285365 -2.6480886034648776 0.6536583050739253 0.7829501690247175 -0.7086084007096838 -0.4559923439422345 
1.2249441670967147 -0.09398195519703328 0.34756315840497154 0.6220641013949266 1.0446288563189032 -0.5904972568490302 -0.36232205667281997 1.0081288004601177 -0.6329737811775008 -0.5380902284960983 -0.5336486565476338 -0.810124026335362 0.2261112257293047 1.7181584516316557 -0.17977690191962784 -0.8746128732304689 -1.3183935688598978 
1.6030075606571748 1.2506895388334802 0.930948965747056 -1.4067492642725608 -0.7037308354116097 -1.4015080651717058 -0.8783823150814821 -1.331394313700789 0.6523148060047949 -1.3900135529291495 1.7572471268139578 -0.23425334214600058 0.04220860716340724 0.3267631766277143 -0.6380748949762916 0.25516889813163374 -0.6047098185334975 
-0.4672685324667825 0.029727162957918385 0.2830140081690329 0.14055166726291812 0.6698257606968447 1.2658381787990636 0.026623735348690197 -0.677580035437142 1.4788193782230463 -0.88580787324543 -0.5945077755981341 0.06665209733929195 0.5484110169464118 -0.7215706346507298 -0.7276037676880813 0.8715947596676562 1.216295182356562 
-1.785610350833857 -0.48930763040235176 -0.4564173098834906 -0.46973822117517755 1.1906426643156502 -1.37410884498966 -1.266373717546248 1.2730427244703015 0.5086096236761747 1.0441988602868526 -0.427573316853372 -0.48285188161652326 0.9438773774145781 -0.14318106279362175 2.087986255568319 -0.34519074320232673 0.29834505034705566 
-0.2210263248776904 -0.3727064206179049 1.6912983907657275 0.7567344769283615 -0.01018853787767612 -0.5383825911030823 0.108852864757007 0.16194190194728092 0.7167426928246338 1.1502513349512478 0.6576475414589861 -0.25415210703245306 -0.1918264413424143 -1.0841792904737393 0.9043766275950038 2.52294979732884 -0.19261863384223346 
-1.5209912085216342 -0.22537541400483063 -1.5534040423861966 -0.27950956327185905 -1.0854224314626508 -0.6994432676690825 -0.768833971372065 -0.2024900359034242 0.6362595583442695 2.531350775396789 0.9172885094721994 0.09543897073617566 0.2504477963720064 -0.7368286391478168 0.7228710100867817 -0.14033337971450832 0.26196167088971367 
-0.07356734511515836 0.02708700031535201 1.2501062368545155 0.43116258354664944 2.591895736029476 -0.5032936527585296 -1.7244654720051338 0.8035553396908378 -0.056569071369331925 1.9401039367977695 0.9796364197314719 -1.4511220119775923 -0.5087257608716904 -2.8023668956074137 0.1442995749362691 -1.021944642808552 -1.0388462895673072 
0.3110913797174086 0.9128584689892334 0.3247672035173674 -0.5396351483322652 -0.2686701940471016 2.736594102975404 0.03130073376918636 0.3278481837726551 0.5932601009750734 -0.15770626361947937 0.9857550784411552 0.8866223202232051 0.633953577679722 -0.8790340096514174 0.4785377269903038 1.029954904143944 0.7463295325915339 
2.276469440848195 1.2501971819389603 0.2491391707224414 0.7491738898226821 0.11806481787218895 -0.2532696588181095 0.2515312486435965 0.10719642857535545 0.5242996889697374 0.8131974309142318 0.5743274409981339 0.6821017933154527 0.1664914944697474 -1.9828152877718377 -1.0695489257659054 0.6134452005805383 -0.3408306597183953 
-0.5519597549629444 0.861364745495999 0.47853615630190754 -1.2579619870037642 -1.3238767351041838 -0.016463477539979086 0.3567158409683757 -0.12708019964445588 1.060789367784387 0.41540074848081276 -0.06183477578186429 -0.22670498203602388 1.8789070529951253 -0.21980544834853058 0.8516586235878453 1.3605628451899732 -0.2851743720272912 
0.26171939944744205 -0.25075289810070067 -2.417659812673688 -0.647407734824017 -0.32020884794605986 0.31437797669515 -1.145161929128267 1.8321186601681072 0.8167674132175681 0.5225498330826903 -0.14135488510322605 -0.32772397565163175 1.336415580875021 -0.7887142663747713 0.6738407602551822 -1.133098818909507 0.956609386207693 
-1.3210728093480106 -0.38727710833627593 -1.6535840329333613 0.9667863321345216 -0.7284394762496077 0.011641142135062796 0.6970538700810154 0.8771517415461518 1.7254198349131882 0.9122698138479683 1.7825173645788437 -0.9581806808795266 -0.40082700319444736 -1.592646241317301 0.19102790329737426 1.2124712577345145 1.1117670621463878 
0.759630428123438 1.2313665640560314 -1.2390435853447788 0.7066931846176291 -2.297956308947326 0.24521458799571147 -1.0198567896444621 0.7156333908899176 -1.670581418550856 0.6631430588931656 -0.6613394831978828 -1.2736211506594843 -0.47992084873386076 -0.447285269430395 -0.17853109865069508 -0.10194899315079937 -0.06524205868983292 
1.1295940002591613 1.292951304836132 1.0779838939330901 -0.485553156292868 -0.16854349497773932 -0.743168091432086 0.22599897417988368 -0.09440894683120687 -0.01734149220150143 -1.2503735400578682 -0.8972014600407826 -0.8134457208224912 1.2335639074139186 -0.024601393315503768 -0.5326632839554879 -0.4683785547778743 -0.6987805221252654 
-0.598740229641419 0.10532891829139276 -2.3430156586244846 0.06730164146152187 0.2946529556464061 -0.5352062554713393 1.0604942510410176 -0.029398773220634507 -0.3643887081248325 0.4011659656365206 3.298719042983645 0.17801348438257916 -1.9264440393287785 -1.5987637938298058 -0.680644076701044 0.40531912468535186 0.66024512535339 
0.7491209736347437 0.7337655350646037 -1.441655150071779 -0.2794223127675948 -0.26662361096509263 0.11036652639446491 -0.7265936657049751 -0.5911690129698367 -0.35746896077478507 -0.0512790357382828 0.20548835195054263 -0.9558268140626238 0.9104791237203796 -0.3662517055296544 -0.5400222068055419 -0.33334436486090396 -1.1670065410072643 
1.0063453784710865 0.6512593453192994 -0.8953274710225041 -1.469728390118502 0.5023302022865972 -1.1179738271365285 1.5300156133341578 -0.11038821819511029 -1.733265615222123 -0.15937383392932755 -0.19117286941684125 -0.29735229003104435 1.2672438449642567 0.17370985623846721 0.23127829219978505 2.0790648578038677 1.1101319695143455 
-1.4102407361251261 1.2501889011711844 -1.8676542052865608 -1.619410227370033 -1.5685740662067273 -0.31367594278966576 -1.094065640978242 2.48095154188725 1.2392127589774107 -1.4124784122283862 -0.558712123436276 -0.9482469607472678 0.5418217381742391 0.039585898225217644 -0.40799827438238484 0.006256610164914032 -1.1406789858125552 
* 17 10
-0.36473906714047843 0.383351207569707 -1.7489602153688453 -0.04777955671836622 2.6922913386417964 0.9394663602486225 -0.15264748271040374 -4.1767441714328095 -0.6312151133278145 0.8728388602733551 
-0.7985355867064038 -2.1500932554783763 -1.0129560956504766 0.599128390895312 -0.35533649660721794 -1.4749907954188959 -1.1068166539602355 -0.12543447072160993 -1.8174686289704258 -0.833698108711511 
0.45976349691107915 0.5225022099522245 0.06715340976484879 0.01569072383395648 0.6422263391094354 1.519512021421925 1.9063269779671352 -1.007513550710805 0.9376607296422584 -0.5734339530339514 
-0.18218017258527794 0.01662962291097996 -1.9580704743305206 0.9352171430042365 0.2892842694202989 -2.1101722209898157 1.9642807492050185 -1.0021055446105018 -0.0035297904888344934 0.5877824780418827 
2.332303506801394 3.6339380644491848 0.589298179205242 -2.589857128593825 -2.4321320567986753 -1.6828537173477272 -1.5954798502159042 -1.0046169638455877 1.465310992733024 -0.9814948041657197 
-0.37751312998435044 -1.9916298764615714 1.340744213716032 -0.5728671779783401 -1.5462195462254074 1.8461954833832264 0.274998046028816 -0.9484559107329381 -2.0646037403431974 1.1416706903772245 
-1.528871142922195 -0.997554154030567 1.9221326503231313 -2.9878272917387085 1.9700137258562678 1.5021342274779028 2.980101586656457 -1.1650882731043406 1.6666733466719887 -2.4176944436260546 
-1.9858440350382294 -0.8420098905544984 -2.6337088231244277 -1.4273925440467166 -0.6826971310364409 -0.4108521733043481 -1.8015225002337032 -0.20773969464044845 1.372519799482185 -0.6355337212382066 
-0.15230597975815172 -0.2278061379742549 -0.742477382646269 1.1023023196602784 -1.486585687904704 -1.232427690310366 -1.7447659321088071 -0.8926957822000176 0.4739676094219791 -1.4261596581512246 
-0.9812745172588466 0.3086844745169809 2.8967780819164135 0.42239768131867855 1.4565604256273947 -0.393752440968048 -2.3544997006058446 1.2271633412436649 -2.7817825016030837 -4.1615000445513735 
-4.008520744617122 0.6094825132664988 1.723383265842989 -0.24240532982702176 -1.1870387357810823 -1.3826413573310636 0.19805815821931205 0.38411543332035597 1.1217079469536502 1.2762875874380906 
-0.7614603224901665 -0.12448804868641428 3.0771421913867583 0.1408528307351042 -0.26659304979256043 0.16620816018634063 -1.1038628911148776 0.2849125570498476 -0.345325338216719 1.1029706862072042 
0.14526166196147022 0.8812109897876811 -1.826958173977375 -1.1759006785057098 0.421029133237121 0.2275733304855349 -1.0743525964585066 -0.6396078568925345 -2.214783696059417 1.639343376491064 
1.8491500834665135 -3.7597370654009543 2.820037669769076 2.1939860301657466 -4.36145145224155 1.202181737801962 2.913742819651979 -2.329393150152944 0.6254672417387054 -2.561773455720881 
0.7672275715353591 -0.7404865019454635 0.18830272223623756 -1.3967978456853218 -1.8531346831141418 0.24664343383059184 -1.1369715322823 1.0440212426261368 1.253360136332467 0.46663707263197585 
2.060631686674223 -4.758667201621751 0.3650634545029664 -2.385084876019116 1.1355161563786 -2.72576429967675 3.038560272296403 1.5902158450926587 -2.087106514835181 1.8134478783245065 
-0.275306262230289 0.8962762868491623 -1.6068426413673176 0.49175424377837423 -1.351777120144598 0.5655325609682619 -0.8164031269568643 0.552303087556429 -0.7761586588317777 -0.218075074508332 
