3
* 65 33
0.8566928525411919 0.8932350357250741 0.8663464739830117 1.0475587505575112 0.8944974856439493 0.36901534745117603 0.307389252263593 0.002206744071406417 -0.17421027847108053 0.9694599159685835 0.513608187244801 0.9840854467295335 -1.4850627170068578 -0.4327506654273918 0.5716550520700744 1.8964815941095579 -1.6852319754752734 -0.04048714000527919 -0.8589510814900188 -1.1290514777683434 0.12397821387817334 0.1107203706973133 -0.17010184608398587 -0.17672773373809547 0.10720185279392572 -1.0112867421130238 -0.610951782243664 0.6417992451700503 -0.8825954499692924 -0.5876612860124493 -0.383434350020911 0.16444377839778618 -0.9305773857421725 
0.7926154958915648 0.01791256813981394 1.9608052361332295 -0.07714702695665145 0.5771046625929517 -0.7600478363360641 1.846192795023249 1.098293974107151 -0.004880727688452484 0.14752207270135254 -0.5349893671743225 0.23830761680398188 -0.07772401732810585 -0.22527844181128276 0.7521750643875287 -0.16167399164378163 1.0900609985055605 -0.9489804227140264 -1.173285430074959 1.9268680565764702 -1.6605017439599767 0.5124331120276746 0.010400572106885338 -0.32557589750205546 0.45178127941684965 -0.7231468256028418 0.9324809326969046 -0.630346906560251 -0.9024741870743086 1.446891491357846 0.16113857893748706 1.3702773824229941 0.20235126843889617 
-0.5676357129484937 0.9168058455621855 1.1462592883376364 -0.21012446817683564 -1.074392110337416 0.10001852502443216 1.784568120623649 -0.2058566670354707 0.6967705167773538 -0.25802071596127824 -1.9922792930465523 -0.7941721416096361 -0.6427154649768021 -1.9220917436051446 -0.8629647615463271 0.45094779405399293 1.1741103410577003 -0.617892177391102 -0.7784268793308007 -1.2113741244140486 0.0905794916923245 -1.5350713012255828 -0.9645849525149389 1.296597780750927 -0.22952637457259992 0.6895806694121779 0.9571874956639146 -0.9067676444294228 -0.9737203984268911 0.21868371402556372 0.48322319980550965 1.7953539147305428 -1.5767073827689855 
0.858671369929123 -2.041652142640807 -2.009784647439371 -1.783466835407488 -0.6815752435364046 -0.7056944629972879 0.6061187253388605 -1.6053805632216418 2.1906010835620613 0.48116790732075787 0.4204616784674492 0.05128486411441167 0.45307714261825666 -1.3105426770273265 0.0025906627926616157 2.201592532651952 -1.1664251930765734 0.8254410155155272 1.3680302354980696 -1.008842986102275 -1.0960232412296225 -1.4630745756540078 -0.6725763715905773 -0.2550528568611196 2.1038379949995103 2.001739122727179 0.29823098883619675 0.2681258163792502 1.1337920065300575 1.292662352315383 -0.8692671967272896 0.21226634151123683 -1.9821670205372137 
0.3151275681015917 1.0598958359299495 1.8962924523796925 -0.7159561110410613 -1.1068539180827752 0.47354559871330376 0.04999981306003799 2.022485908272927 0.5806516661952693 0.20500370348178618 0.14428197610184695 0.47369208753783537 0.8993856965151017 0.5138099814210548 -0.9532355985385567 -1.9132999835326945 -0.5564125945722376 0.7182781260165546 -1.2556816254848073 -0.39900067069413353 1.7186425067784825 -0.5308647724466004 1.8708444294637518 0.21633688050506103 0.5860806528472311 0.6090408315475314 0.9191879717211906 -0.7748658897820047 -0.6918379248342446 1.5754241508727143 -2.8026853726343233 -1.3988178299905774 -0.3417477179764702 
1.5483491692739884 2.0868632284959556 -0.406336900592552 -0.9020078015352753 0.2624209863822114 0.5840830698879038 -0.3674585254552055 0.6093458861829619 0.2759456817531295 0.4524949359588314 -0.39016655210938644 0.22908144884079668 2.610175976589009 -0.22137948326246906 -0.9999101701934453 -0.37477289082578863 0.862708509980226 0.6589696361953149 1.3139308844089572 0.16026524846842077 0.10499249959307318 -0.5581542277534636 2.1884846472519395 0.3646501781016841 0.1692657962223013 -0.10642400620446657 0.6477662485120307 1.000067110173075 1.5233035421062024 0.633597087348282 -0.8551918260029782 0.9751806181565739 2.3357110812689346 
-0.23598590718639764 0.946738247414719 1.4754251869373431 -0.6899821797597295 1.7908287191018124 -0.37185691662581516 2.759086211409327 -0.8585405966989409 0.5481715026998337 0.4322240447062554 -0.9983658713262165 -0.7992058716185477 0.22351593728081082 -0.4807865167367206 2.0997492945738987 0.6974314861625103 -1.068641800420723 1.6985459264505474 -0.34161246843316523 -0.5582643840762711 -0.7692609670932493 0.9040917082380842 -0.27126793022929263 0.19674429036811772 0.03327653091750626 -0.1643796914869517 0.01848797817898768 -1.9475298113610966 0.22297146055111444 0.6518211241211862 -0.3620430795517124 0.8613826870897761 1.7294606069070966 
-2.0537793902214876 2.0228014174590085 0.23176965865238067 -1.4096638402791286 -0.0909918646036258 -1.2553087384650092 0.5302022160738942 -2.1642140598807136 0.7406228659682312 0.6682573452241478 0.3132920119576154 -0.9926248703357489 -1.1600268004532779 0.7031408372547212 -0.37057412893520225 1.7668778772164848 -0.29400959537137517 -1.3581718638340627 0.12314220142345816 -1.0980064985339544 -1.839767381108034 -2.22883330398404 0.768957421225581 1.8505453674468748 -0.32525311402131635 1.2602006486162807 -1.3997274964700803 -0.8557321619876802 -0.6913413737883312 -1.0875306787902321 -0.24561125296825073 0.2038200232155619 -1.9608161021213626 
0.6952922242510463 0.9243345858937019 0.8225243517947645 0.30225116608291164 -0.834994870125096 -0.1691983533909706 -0.048130256752661964 1.129695001600433 2.0041478830361115 -0.026987364497235683 0.5042281460161611 -0.47378610806367205 -0.6160263330655155 0.11349034533729314 0.8793272437270296 -0.5988950247382394 0.3189083002612015 -0.5878816470863448 0.16120734894218008 0.068855908911754 -1.2632907826983915 0.783385357658109 0.30497441802836367 0.5624434292491689 0.7411027987911797 0.21606507549551052 0.12866044472250324 0.891718989237969 0.03165616819025233 0.14681786178391512 -0.31398997066320466 0.38302149834114313 -0.7502526900913252 
0.23692458552992177 -0.7542843196517499 0.8317497117618715 -0.631935581927882 0.8726288679599474 0.2832765095418512 1.7502859456895576 1.782324606164597 -1.8584086356061196 1.6542359853410251 0.15235915613036613 -1.7044011352305055 1.4946275846834423 -0.41898295420479426 -1.0139000363775448 -2.201145710544991 0.8801238506098467 0.05833280439939572 -0.647434098649473 0.17624528890783833 0.4993004758411754 -0.6690309700903434 0.9407142307652749 -0.7402934306385012 -0.06972786050438272 0.007905609672447824 2.9503095422400607 -2.506656335973551 -0.3173258640460295 -1.1570116845324048 -0.15361246660021022 2.5081972723298214 0.7753216217379324 
-1.3649647604553028 0.61463218240527 -1.1240891018097485 0.8856148673367863 1.1883542890833079 0.1945156580581682 -1.5581947311525381 0.428392545168924 1.2570824308543929 2.020189963817078 1.0714995840517418 0.10074011987979148 0.4458981056589127 -0.21003739451761191 0.13982491664822527 2.8020079823947577 2.153376756192074 0.3611213553729877 0.6728776826237047 -0.8273786814326384 2.0714689031949285 1.257001466807061 0.18577047839804423 -0.654040010467294 1.608757546386911 -2.3354581829383014 -1.3741143888833398 -0.7534044997861514 0.402668206884532 -0.6292274567368934 0.4702352555648496 -1.8365584399110157 0.22168873086800261 
0.7725531279479135 1.4463642679136135 0.9232387744189294 1.7686413830494545 4.811355741271529 1.6429404307157016 -1.8873092329777716 0.03882564582871884 1.3401582339762943 1.4309768504874543 1.6018645860623044 0.4872798119529181 2.552578855456462 -0.31188385010267106 0.1326695007248192 1.2197611959036323 -0.882994276417377 -1.1794710820514511 1.1796685088300498 -2.559521975354329 -0.8315059233830044 1.4220888490611225 0.6059428679317121 -1.6105436687200658 -1.6841555970930553 -0.6380205794229411 -0.498514438307708 0.2848067852329986 -1.9561495613041495 -0.08496905958487959 -1.0701398688575086 -0.16075145886142325 1.7780918219402189 
1.2683469454498177 -0.9071577675197664 0.44831002616943366 1.9104917054236328 5.02379934485224 1.9262778194169377 -1.3148558585023322 2.0893639597399165 0.13302530984508182 0.6273653012542034 0.7301439363271893 0.9973709254448349 3.920607153743263 0.6914461314007443 -0.45039616493272167 3.3798127760278716 -0.5816163657606043 -0.5141705706152017 -0.3418010372946565 -3.800463310049174 -0.2777574457118504 0.021607116284788987 0.6917664389927956 -4.439042429419653 -1.6015384202221858 -1.3604239857926028 0.5180583604124355 -1.0944924446736195 -2.9901895181250437 1.7853698363085655 0.16025313331806806 1.9582704608722667 0.6556691776772938 
-1.5175559964685748 -0.9520720530281476 -1.5439049228208608 0.6694482948393848 3.6864853801540556 -0.017134763335517455 -2.266304283497567 -0.05788458879182471 0.4254728153858175 1.0006205105941413 0.5688125969053341 1.8327975815151947 2.8866052874805743 0.8537384772606269 -1.1776498539306621 2.326944352390191 0.24656917997566416 1.5977792674269284 -1.7044823769746427 -4.866852133800471 -1.3916334489669795 -2.7731849023681687 2.364734961115612 -1.7231606693000634 -1.2767952723152494 0.938331989364486 1.5443861410349662 -2.0465326080478587 -1.473035960938173 -0.061532260894389984 -1.8592886612417736 3.225669037239143 -0.46839000813453424 
-2.9216978416593906 1.385543018740638 -1.70939909567865 0.20927436655408085 2.647461405998103 1.0371789995340481 -1.3642482604816382 -0.42823157405379225 0.3992213803483084 -0.3893609469425137 -1.7814382878395478 2.057763842633938 1.1015038615070023 1.4221826840313982 -0.545642297584973 1.990083844512841 1.5627835643908379 1.594472345193981 -2.920706521693976 -0.9414194951558532 -0.49675424008472563 0.11635074637738153 -0.1831777845733957 0.7357566067054587 0.7382516484986028 1.330986416603874 0.3420516483356826 -1.9974762951039304 1.0223704055339153 1.603203458690289 -0.23806435032722661 2.380441313217232 -0.7702387699258042 
-0.3868557305267817 -0.5497204312335554 -0.21104675802887254 0.12850234669906632 0.1033822699363617 0.25721430430277265 -2.0204790148107508 1.874335375699024 -1.0979550283367059 -0.20117782807889242 0.8044167917951733 0.9336959264485956 -0.41723321187448226 0.26786584672773955 1.3122973311162802 1.5928481334997804 -1.15559408515867 1.5729402098725902 -0.08998816043439961 0.3892130805273946 0.9145804587212863 -0.06771401906655419 1.571442907417454 -0.6864967035678343 0.9929337096647344 0.07819268114783667 -0.9757138783081614 -1.7412553716868158 -1.071977373812114 -0.11238392505557832 -1.2056428613525627 0.3859839705914049 -0.4935057711742616 
0.7877804042921105 0.14810533513589005 1.047524298595362 -0.062128632338180764 -1.1453912654992942 0.19326957005459078 1.217544593748887 0.47068448652535755 0.9040209256969967 1.5843727759930692 -1.0139010025973565 0.5920371143324351 1.7720743558698158 0.6186735450972725 0.18801218803972283 -2.318337503076042 -0.22687071932809108 -0.3925079839887805 -0.2529677895155661 -1.1380478822385167 1.0048534438359462 0.9565749705649048 0.3539472496567114 -0.7132732034487069 1.865064289555781 1.4939815692491936 0.3281683342505178 0.0036423264665908024 0.7419290816424098 -0.06106277887633769 0.5685459371784581 1.284534610161046 1.381345947071423 
0.5751729155511786 0.08316827400695999 1.2526397796084217 0.29336073789283784 0.2421789435693365 -0.5277208624466443 0.4316463335843576 -1.0581438782420647 -1.607781718752794 -0.7187008926539343 -1.313832570571411 -0.5603815896560445 -0.8928913678376665 -1.0228072202471497 -0.5091620102505624 -1.1993228740293131 -0.28805671748247513 -0.5840013219194445 -1.0784843938385444 -1.2092928852567228 0.7365371605332508 -1.1946510788983142 0.5831683997255269 0.004409647208493876 -2.10177921793388 -0.5464879431335132 0.5038534613371668 0.038853003369801825 -0.13598327306762995 -1.3895958540666078 0.5723186588494762 -0.38478792565530423 -0.037595952068529816 
0.29846075655716964 -0.6813099361022462 0.9204544549284395 -0.11635691506960485 -0.9979977933912325 0.04528439403139729 -2.0343521239957862 1.3114475814464401 2.6202371524686403 -1.7593664128881623 1.5013558211097364 -1.4524251204803023 0.8645367087138608 0.8391578551223844 -0.557406800454073 0.46485471228605024 -0.2423358150767194 -1.7044799809226332 -0.37796953775448267 -0.6490591646283992 2.5432896668323854 0.010742460640234043 -3.042398977029452 -0.8194583587012763 -3.3986758954097422 -1.5391055377565022 -0.6988894003322302 0.32571975839463224 -1.1242172583451588 1.0832535592447647 -0.6586734497284641 -3.28629821025791 -0.13250080420182067 
-0.3609526568127585 -1.6712840929033805 1.5634980544007404 -2.166976827337348 -1.8680001544456768 1.9162662412597902 -1.5734952362797392 3.235806643483444 0.5475669889030247 -3.053918621519905 4.308268095252687 -0.7335442697258172 0.37578044152667517 2.1693903769291243 1.6575480199739374 4.555347067782861 -0.17004962782232638 -2.022880824926525 1.6012302100842877 -0.10012530412562064 0.748534252014651 -1.2863294307767925 -4.710093284945517 -0.24746864109389466 -2.584649262932566 1.5042709204712763 -0.549028648965294 -1.1940153421325148 -1.944886315939273 0.11578253495834127 -0.553666209512499 -0.37345276517396325 -0.8768459449338233 
1.1074760507347203 0.0890121183559823 0.13872012934628558 1.3306140298464373 0.07301173200611746 -3.155612137835974 0.19520640042090642 2.5233826666041885 -6.494771038088767 -4.983933374535896 0.7004503238348567 -0.989663222131109 -0.019935802926664737 2.1113920921846576 1.2726230611239404 3.8200635672691603 0.8252380304780804 -2.5286060270520485 1.3163117428492712 1.4435567552709365 -1.0762179672651155 -3.4386714364358975 1.9890552736638183 -10.20784133578566 -0.4916311850598961 1.017600069066357 -1.037858492173437 0.1311916842233502 0.9911560536587617 1.172147758141144 -0.5584588361884913 1.4631429766742874 -0.21054855691580643 
0.020889734506170765 3.103288236455577 -0.2094961095210283 -5.174507934556987 -0.08578818985268884 -5.144032291124822 2.8491160416553627 1.6394560656087107 -0.023889700182518223 0.007105017304244673 -3.017692448992289 -2.540454923851216 0.017663545167793133 2.1046586697696585 -0.9752116522200938 3.920449598575901 0.05995351136451409 -2.5588961661234775 5.6214437279749365 0.14150584649800543 -0.10208458356121397 1.1188835559361061 -1.2069961549035495 1.7828211255014539 -1.423090454787926 1.1101195997871915 -0.30046810823763015 1.6189725017900125 -2.3817662966252606 0.36461851296711884 -0.9268227720591415 1.6451267833836039 -0.22763011970221708 
1.4371667609744738 0.7042569002594444 -1.334689503759816 -0.1489462560659232 -6.133133604066935 -0.48899414853209827 0.8468920834226782 -2.0888142871574735 -0.22979161896731393 1.4524661461618567 -1.5579455079425235 5.104431760767367 -1.5228539762716111 0.21029346156972395 0.5594098154496542 -1.154743130164238 -0.3179979570091342 -0.6645315204196542 -0.18031667447548472 -0.49824572584260396 1.6109959422232671 -0.2982761652282315 -2.638446282724967 1.8428991569593889 0.4980939448555825 0.8979015914165186 -0.04537574258563989 0.8042924641777658 -0.05328413465724604 -0.8154548797841267 -0.9315246565832708 -1.0628429926723166 1.438050371024362 
1.3796697493553463 0.9438584797909071 -2.0033689594841992 -1.649235910517178 -2.2025546189075063 1.0586163962882542 -2.404495330358678 -3.538257621041874 0.1586223593236968 0.8447083245626892 0.8393084617069939 2.4597962367069814 0.0233125276694809 1.4539622399863337 2.452203743265173 -2.8023139441194753 0.7900936669845978 -3.962507038586072 -0.9814142444410018 -0.732698830849999 -0.9461619852139487 -1.4107940319615602 -2.258517940336542 -1.1651133768683388 4.862923194810045 -1.4964039807730154 0.3592800408028218 2.3353465821436528 1.7705075217716524 1.3322888926053578 -0.7655767959205272 -0.9520517798245898 0.702368450331202 
-0.15993444513268176 -0.34942170446681253 -0.2629760790376266 -0.2772769161025964 -0.1645414316406454 0.09917548327407874 -1.2699689868233102 0.006959369549835348 -0.6608837285094077 -0.7420429339536025 -0.9801320089623279 -0.025774572526788976 0.791149863258935 -0.5718909385497193 -0.726507724416766 -1.1959297052170337 0.2898025294559706 0.35416817619031027 0.6645175439215354 0.5054163159059392 0.25824784017555563 -1.1935316677989618 -1.1311645649184674 0.09263816421451278 0.7273770189900323 -0.7870834595967934 -0.30595844854003873 1.7739082468007796 -1.0185617916474743 0.250533102745369 -0.996654982039448 0.5095607064645344 -0.2748606477684485 
1.0270773665594655 0.5553790404273007 1.5565122994881824 -0.8084929813237633 -0.7742544821331725 0.44527318841423597 -1.949463257960716 -1.3991866403132738 0.5935937956260782 -0.4046535118869183 0.7977822247074214 -0.6440577957355097 0.708906407288699 2.417190585785563 -0.33461871709833557 -1.5606595187090866 0.20822107979223237 0.28993050799686515 0.26444051775513594 -0.1479076115142588 2.486636746307925 -0.5208795429168812 0.2871072378512672 -1.8356484526406285 -1.0603445087042773 1.8548717461875015 0.8220086899836617 0.699028549803588 0.25244012022023055 0.11500402972239744 1.0798181475315658 0.1536926452354666 -1.2101696133438145 
-2.8969930960676202 -0.7820798036447555 0.42040349913849584 -4.331491714168891 -0.9659956422245526 0.20968361549654002 -0.19096854254214032 0.42897232749596603 -0.7510599118652064 -3.426291127662663 2.4430527950201815 -0.42308471250543056 -2.8615814208001047 -1.5117918924372118 -0.5967718695959555 -0.10603524787964486 1.089473300611227 -0.33526402467798605 1.3206212439020457 1.8001055640209156 3.2490817355749066 2.3262039295526296 -1.6589576131054244 -1.430429473153828 6.8249475255285015 -0.17926826403602986 3.147772960087083 -0.6865469661067521 4.475941935912957 -0.6422292481143417 0.46487475561492875 1.7059889619281288 -1.5846095992152953 
-2.9492651000217003 0.59013029317218 0.970353064854885 -2.55321980936961 -2.505844074399593 3.2225753084304833 -0.6725838523392415 0.7516792741263993 -0.8470053911968584 -3.0507732557779956 1.8596966035995255 -0.29704642114906427 -1.2160284313162855 -1.0421340905880343 -1.2358775857196345 -2.946484128052467 0.4971343250807933 1.0195742703862678 1.0329863989255257 1.9051109155233357 0.8224681586672149 2.1744576966018814 1.3433126348848892 -2.583125169477189 10.156690084852869 -0.501483947072721 0.5785134898204433 0.3112432487301828 4.766040394133012 -0.002347509373794578 -3.953437289283204 -0.5811309880477027 0.7361669700302921 
0.31957922939060623 1.4634144307857213 1.0030706924926611 0.2628999831403135 5.528344046062172 -5.538305651119257 -3.0621636969496797 -3.1559909444760574 -1.1539167884146468 -0.9464739396142806 -3.0873811408765532 -2.9872401668431556 0.18818060928841523 -0.4940521401377646 3.4850137643798513 -2.7509028428846456 0.5574009099926845 3.8276503103774417 1.5315388020136143 -2.462960025853706 5.10384046663964 -1.4162266769562142 -1.2515680851396969 -4.907899699905286 0.3395701020624401 0.9665692486034166 0.2761421175155366 0.25530038066933125 5.778813046281707 -0.0644470467639579 6.418211308972287 -1.7149691521761834 1.4561643919692857 
1.7389150873691135 -4.290083090118674 -0.22443041665602567 -3.5731371106531444 -3.701238300725769 -2.2434066699227184 -0.07894153788472308 0.2982236051128066 2.697835256489606 -1.2669956677426641 3.012156432163222 -0.982039312209956 0.5993237943281784 0.39936452581746196 -2.8863967688939374 -1.881096887547026 1.1908000870947282 3.217263061788108 2.1436011263665047 2.113029575366319 2.1217542351825447 3.7067876177406687 -2.441670821842748 1.9465850417254096 -3.8055900228023543 0.28171094219597304 2.988911977979523 2.056384751523256 0.09582645647905728 -0.0034799702632978104 5.183903804709392 -3.667544343540527 0.44762564093438995 
1.5463364975487006 -3.5747983273554516 -0.34642501177792445 1.2342821389012244 -3.6441982198500087 -1.3328120634791245 1.9080994394694584 0.5574280792117979 -6.113772282048022 0.46950902777055015 2.4000409917111183 2.747192842233657 -0.8541674432240977 -0.05071480024409935 0.324923443205985 -1.1032284800378434 -0.5300144613539236 6.723310520123931 2.155457531294547 1.154282629886799 -0.2342590097685933 6.124217668878766 -1.7463386730217112 -3.2968541675996414 0.2545335323351293 -0.1785304894241388 1.6635555280765992 0.8372677921310683 -1.3381448991918066 -2.626273647217499 1.678959077663106 0.1801440061728592 1.1853883457063077 
-1.5028969190573933 -1.2608454548810641 -1.4518535045678684 -0.8643877964258395 -0.07478130649062266 -0.09710974467161941 -0.5798155634202623 -3.7530592902601767 -3.5799197846633466 1.4317249454044458 0.7403895657489448 1.6253951743270878 -1.3867131397983474 0.713427255173917 4.316820803336063 -1.0795968865509082 -1.2640251108225513 1.545894816443978 1.380738507211052 -2.1229738783092804 -0.16943062949116677 0.011247992531819899 -2.28035609479117 -0.6675360420946549 2.496722144801816 0.1519248665475113 0.5632810100175119 -0.06115354624034616 1.6917671254125592 0.17497612395235274 0.38605241718850786 -1.4076869517668449 0.5238020620610236 
0.6129236909878325 2.0060307792476615 -0.4771902330016802 0.53764596271753 2.2913746700472934 0.4163466102618412 0.7504670181684582 -0.8150877721209022 0.13859460161736123 -1.637034035630681 -0.29869196512907076 -0.011989590714849396 -0.030775894023003857 0.25429023487827085 1.2953716691850046 -1.9852952216504205 0.38517308957590574 1.5616016613027939 -0.6744440863941384 -1.4508747936774236 -0.6566662086906253 0.3630865808271147 -0.08241651845466948 -0.52374281000318 -0.278731695575198 0.16866433196026437 -0.36889929149842865 -0.5287187778418504 0.5050420144940235 -2.155623778788833 -0.016821676747468924 1.044770964276278 -0.7589616559425219 
-0.5887929915065645 -1.5475950917385588 1.4995007092106665 -0.5440830377527267 1.0932947148577532 1.0488006787020958 0.7651201003799808 0.6028719925824929 -0.4590648109510073 1.1083919916075762 -1.615766222474263 -0.45536486799976783 -1.3774154149568916 -1.4425738307180673 -0.8163506301496846 -0.809509857199233 1.0364486248078946 0.9897315165636296 -1.4324197334420568 -1.470968962458665 0.11776810539331165 0.08510376332099087 2.488625346633118 -0.04901493823176372 1.8169477806314118 1.0813048771139822 0.6870296651472648 -0.6045469453246337 -1.1446648089793074 -1.1044135201926153 -0.47879256208831544 -1.0513627130971088 0.6017184098276046 
-1.3675922517430772 1.9481146137192613 -5.478667372549112 0.7236553297643601 -0.5302882818588925 0.9424816942593465 -0.28815626137434147 0.8220533658959954 -0.79993883342218 0.3387254067983579 1.843202339207476 -1.3288365492318361 -3.001880376693513 0.5883625111571567 -3.0691637007921337 -2.6601503872493417 0.2521057336298155 2.105289143718614 -2.310534606133386 1.6008090605454417 -1.996874928729923 1.0544602675509611 0.8021832568789038 1.291912823090808 2.00304024870992 1.3007795529753572 0.5610832589769733 5.111675978229268 1.6578392647927973 -2.865652715039208 0.876000220625493 5.207745056409117 -1.2584867331472838 
-3.111598342838651 1.6449996617577791 -7.5483963566995955 0.7208583605653831 -0.5565320292867516 -0.770568047162963 -1.2760021903044485 -1.4649148803517833 -0.8692177504064471 3.783879727054511 -0.10871707333340289 0.03936874394473443 0.8044892880597416 1.8379382239152615 -0.8864987933669334 -3.4422918869634205 0.30694415891452215 1.7584284794880791 -3.2810187975518192 0.5300020996174636 -5.715202894522813 -1.771668223613562 2.3656074813628076 1.6371658084966667 1.503064601237044 1.7090625292025692 -2.1056433225856876 5.8961525898268325 1.4147280829494382 3.0688390028883727 0.19951120198316943 1.9531801254131735 -0.5260912165386858 
1.1954613243821814 -7.8299694247009395 -3.5611929135347444 -0.08931357403665606 1.0257449995978993 -0.3151796246773598 -8.602816885161344 2.8176657385399984 1.540693089627765 2.103057547380722 -2.5694657630165882 -0.5105448511639485 -3.3544967955811558 2.7465246483989203 3.9573607827362327 2.0704715500183313 2.3776153406886915 0.04825751366738334 0.22379699744639533 -2.653232722566396 -6.440151470631609 0.900119270254697 2.424139331567015 -0.11055787014659395 -0.14843545029727004 0.49556612230736147 2.474279016967864 -2.6235409611917015 0.3062020466408759 3.4706959158483013 2.131513301785312 -3.309226681919233 -0.2081849511620979 
-4.101687061541633 -3.0216988456234604 0.6893402322704643 0.5089464524957301 -0.04366960192177422 0.2914465845116051 -3.6064122165717007 4.938381332961533 0.15417433312773351 1.4086631472026472 1.0852026069539227 -0.9814709443889668 -0.019630083196755466 0.8243100264669574 -5.182160573557057 0.4614890263756696 1.5551175224522242 -0.1574868609959669 -1.4545144390350377 3.2660961581017576 0.39379037129152106 -1.0368212090953839 1.3776049951277536 -0.4130468316346733 -1.9341278758670144 0.7617290349643258 3.2586990239095557 2.4635654840154584 1.38124320258229 4.033959760511727 -0.7946442150103102 -0.44368140207558365 -1.3527769716722378 
-2.5652537289961566 -0.8608564579991872 -0.16805265573557474 -1.0797065645908455 1.6638052754158248 1.6074594850341992 -0.36893246281739783 2.714704358206011 4.258151444074131 0.6771645061700241 1.5942256692726313 -0.2104269950621014 0.2697686499421146 -1.3862322063607317 -3.8321987596459985 3.0551527708718553 1.1390519901721607 1.6747081766770466 -1.2062631700512698 -0.47707552333225034 -0.3760506827571425 -0.04521943463351932 0.9882263348115097 0.25117715209743396 1.7669292929094293 1.6421718916740111 -1.8977571562632618 2.1898347416719264 0.4400632833245277 -3.212187211005837 0.14872613857708386 2.161438807137274 0.12348257139125922 
-1.145573334025247 1.5812846172855057 0.7792518510034918 -1.2611916329143364 3.2392183376215775 3.1851324475857092 2.654265261613071 -0.8236885583282292 -0.12865841727774763 0.7745535602342858 1.3837229172372225 1.2353396844874236 2.3272454196361787 0.030063359411426155 1.0089163887774553 0.3217260943528604 -0.17893394413508204 2.53228365909242 1.3311755584609268 -2.201430399640213 -1.5824301542445893 0.3400358497560983 -0.06650541064815599 -1.004165937716049 -2.2064287374806266 -1.257850131876181 1.0211644212703992 -0.9793257117757687 1.076556936530792 -2.2910880769329705 -1.228004619562108 2.4318000867328857 -0.3787464006758904 
-1.301796897983702 -0.09440339023210469 -0.2637755654111307 0.3957701134752025 1.0515574946920148 0.2889613235808418 -1.2623582067112173 -1.7876192264918436 0.37172407491201265 -0.07895115452299435 -0.058343999510202214 -1.3158846804506805 1.180569712276563 0.6083150431653831 -0.18662597070185757 1.55451871809714 0.7593752837098334 2.4885326046280904 -0.7310016825360507 -0.5381888103803941 0.4072285524550011 -0.2920696296716602 -0.09797242557196886 -0.2332452776701251 1.9269645577978385 0.3314020442533439 -0.34531730339768824 1.4310408234889644 -0.7289137114311217 -0.35381401390102185 0.026392470221778593 -0.8616017175218179 -0.2611027257239567 
1.397416337876714 0.6697105855817646 -0.028778929146743633 0.17839196424548137 -1.8587277436806768 -0.4841941422098103 -0.5679100664179785 0.5519989953962141 0.3515587417734536 -0.4444728194358561 1.3972845008227672 -0.557521055297224 2.7297624517100574 0.5216958938594445 -0.1615669066241246 -1.4660797285930658 -1.6665296853721734 -1.2283395607294345 1.2544626181454561 -0.2036215708130509 0.06865460257746693 -0.2910900395169809 0.23836465789059313 0.28940749551532546 -1.6202766656376182 0.8788933811771302 0.6643657464488557 0.5613120992345777 -0.4320875035435117 0.4350252960133038 0.9623961875401152 -1.2798467173996129 2.523897055020117 
4.07487159571521 0.6108449112317053 -0.3053133539918972 1.3504359210501549 0.726041505927416 -0.5727260745416388 3.220508106393683 0.7241910556326807 1.1626279444100116 2.2498928339999646 0.9704787647416605 0.9970805909265107 3.4242186004327015 0.037954480617259576 -2.9516746515262064 -0.5012866735559826 -0.07809756974897603 0.09996837406255839 0.7069178094643921 2.6143446904780605 -5.314490543682497 4.158082633631726 0.3555103542203173 3.165424617498823 -1.3234166123891105 0.2904661233205586 1.4395058464716168 1.1170938980729828 -0.7152938961634963 -1.6362047121337997 -0.2595348020535046 4.017232062637877 0.19120061396729104 
1.3082588731401206 -3.2729985430940967 -2.023122533781408 -0.24372832456611193 0.0859284770818262 -0.1198217211796712 2.545071954603346 3.0924812766175327 -1.0549946133736807 0.15803493062169235 0.7051353434402322 1.4619212365065763 1.7097716967926764 2.2414649770860264 1.747060393188543 1.4931152367572271 1.6369831507744466 4.4104824998726615 -1.5799512059557665 -0.9610776437739518 -7.270220483314289 6.663707326464734 -0.13261574900995712 0.2358760945286633 1.0006704124516699 1.0614281273051915 1.1767450279815617 -5.519388469608798 0.2559897661374722 3.83559025891215 -6.6294608822495515 4.308258790845808 -0.701043656034255 
3.3829384735699746 -2.3965586268530297 4.095883597440562 2.00648232047752 1.7978657445566266 0.38594130137055466 -7.325226930961125 -1.3930108041146712 1.0181462698357913 2.6523903972169354 -2.1908924610053964 -0.576768918275183 -2.2339570563865916 2.1648543044620596 -2.8897781430948846 0.3578723501433557 1.4228831861886482 0.931020780172386 -1.122355840276701 -0.7509670438159315 -1.6538479576218148 6.6691802256607255 0.17064432602155438 1.083641062496559 1.9911548102633174 0.49845383868544846 1.6895513676105278 -3.914413806395011 -0.11384836245514056 0.39557882986280696 -3.5702151329263385 -0.10450238476429552 0.32764685799111426 
-0.8671823858646872 0.4575948284901659 1.3593338335492606 1.3103204884435553 0.05444747925016138 -0.8556786338343021 0.6780614109940839 -0.4634672262647502 -0.12701708410756568 2.625087430935373 1.2598861029868689 1.5008917407170081 0.6385870712446199 -0.36652525082791265 -3.172314844799309 -1.3012583577879928 1.2077688454815763 -0.6180221368065476 1.1514100609909868 0.6589491915439248 -0.21735711302783978 -0.05684451108841734 -0.637907335975713 -0.0674140150534518 -0.9337765642568889 -0.022249757667955224 2.9713364105245774 3.365255684513397 0.7488215849346216 2.715218972540304 -0.7399871239350476 2.3891326606972862 0.4678007139773994 
0.4142799344716657 0.39978209243083934 1.7095268237960388 1.2455812239750508 2.247818517813917 -0.8659024593103114 -0.4078984556307902 1.7774613226191542 3.779590222893601 0.466009763351818 2.9415353219720024 0.7535641078096867 3.9766785002576643 3.0338164300939683 -0.33514503455485284 1.290211337085341 1.634378722719035 -2.9227646139623737 -0.5963809089577206 -4.205374541137942 1.945647742659573 -0.5552578001237163 -0.3813371960624626 -1.451791298687652 -0.36537171251946016 1.3113474737427737 -1.1179307928203235 2.0863158424747175 0.9084267515620439 -2.808207742896607 0.5869552935575401 1.2712939021306773 1.0528618060638362 
2.9764141330293996 0.41657496699743374 1.6673396494713226 -1.05602043526824 0.9172508600993677 -0.45800695644392453 -0.9130741756894287 2.0758845032537847 2.448537981388705 -1.5746598545322077 0.5126132880580974 1.8814523718110947 3.780355323128098 0.7304727712178437 1.719419634267235 0.4728291951075756 0.6633631676449268 -2.5467951687028454 2.331903574866455 -0.6935107997327112 -0.9906183874301017 1.3096937684851107 0.2046200551405708 -1.0592485069255713 0.9389870914104987 0.9625954058456531 0.7409381456475168 -1.2072157988877261 0.75130767554865 -0.7889411042366241 -1.8235508137747585 0.9584207784640699 -2.3530813802182275 
-0.012849768953430273 0.21983526279843796 1.0305959046888002 1.217514409010144 -0.1296078692780656 -0.9214565633562385 -0.18285397038622359 -1.5057592553850823 -1.689479344795225 -1.3236539431436596 0.2517356361555351 -1.408829653025985 1.3822730084614447 0.7767173458669286 -0.5296663322207293 0.2795059314138527 1.2048397171438812 -0.7824057903660877 1.2271145933671495 -1.7200895045280273 -1.4118096982529602 1.3547299205596894 0.9791360675102837 0.004595875531893374 0.027578916544671962 -0.8019841445365119 -0.9039442463314339 0.4534317319519941 0.41955769503252516 -0.9749632084767796 -0.23602286936807695 -0.6080642334995178 -0.49500435631272127 
0.3930252244984009 2.579078375491046 -0.08280161712905469 0.10032909122903835 -2.862003884027108 -0.6881915408528174 -1.0311669665692775 0.4938741229055878 2.3325459012970433 -0.6819415221641977 -0.03398310236705131 0.7400665758044724 0.9294655228970298 0.5703797937613667 -0.6849411758737779 0.10648622409315696 -1.0271214836271674 -0.5537175270263621 -0.3393720204450473 -1.075954527296618 0.07848354681531916 -0.7176443832881523 0.5169904325204067 -0.3973243995970449 -4.328324775832054 0.4665082947832907 -0.9209643544114605 0.554724880408558 0.2827068592582014 1.2683358336550323 0.6842603990382958 -1.0974769941732005 -0.029011416729803792 
3.8408404525726305 1.5827057295513631 -2.0587805458663433 -0.08505559884864895 -2.2189813172073007 -2.766235247431221 0.3090477637170639 -0.18092207430787272 1.091403716143017 1.5530642692147698 0.5465952887048982 5.219006517100925 1.7245305647896751 2.668285108377734 4.4048877809485685 4.087234239486829 -0.6082566305742955 -3.22280618803422 3.7426168588231445 -4.775841584422223 1.4245258438808277 -1.223304044975048 -3.3554123970641685 -0.8562153949975749 -1.599444477615144 0.7384852356964923 0.880326447824641 1.3474953311921698 -1.382799120165185 0.6697184896476155 2.1838456070953507 0.6421008931125652 -2.0071564064878484 
0.4462777871948224 2.806967171096557 -0.001169160964857769 -0.713459154866031 -0.7625141117993883 -0.2069263430419015 2.174413369789581 0.1676805937451589 2.0964266014485453 -0.4694806012598114 -1.1080872137623272 4.236488883170498 1.01485072145634 2.3917982599799625 2.0453366317208603 1.570711136588925 1.8406416620888033 -1.2737625826167573 2.0835756806378893 -7.358622067640991 0.3632703338865706 2.06835058076719 -3.8517644548651964 -0.7995140323140497 0.5510692592082695 1.3026200898217082 0.3369849758229694 -0.38465787286816183 -0.2563834036570572 1.1178371696956173 -0.27968535833452696 -2.1278751639209053 1.1804399060772723 
-1.830985736326857 3.3681818894136826 -0.8306343298644175 0.1237450052370576 -0.5522597884922972 -0.3630228977814284 -1.1084336994355912 1.1621873390858894 -0.8781031662124457 1.5901570022611866 -0.5743125404724468 1.5794576774509184 0.8651818766462999 -0.39280693800201677 1.8693342569144134 2.0881706591509537 -0.3940498469996234 -1.4912833748093726 -0.7805866781160131 -0.6304987522387119 0.8619480557293471 -1.7396320206350155 -0.27008449224967535 -1.2732462777801565 -0.08651953107331814 0.6617802603402113 4.101166794877006 -0.4673393188584598 3.108763588297929 -0.8015127053802633 -1.6451299540207305 -1.873824626488869 -1.0263369846925616 
-1.099368253409501 2.1234176741495947 -2.6575784843063794 0.8225816401623873 -0.47238259697948654 -0.7695614908872113 -2.1437927012637994 4.163279834982099 3.451691374759226 0.23137233678784958 3.3709633585416396 2.6170372195666394 2.6760956745390154 -0.9309635732463573 4.855162782071532 0.9276974934923028 1.404911227928338 -0.2590654677988334 -0.5388659970054015 -1.058505134626874 -1.0551602529938333 -1.5490748215971477 -1.2837386375895343 -1.8984620735925284 0.2398028890839912 1.4786258387501023 -1.9109339790597963 0.66749299869846 0.8239916197015777 -0.016027140461835888 -0.3040278232686312 -1.042339842705092 1.4293137849074251 
2.389171095603213 2.237786874408558 -3.8666512517990665 3.5449100900751 -1.0303028700431551 -0.13678640354464117 -1.2685211822705564 2.151442899557729 1.5763160828342233 -1.576454084199736 2.6716933761657944 1.369897313074501 3.910743573304674 1.1563193947017867 2.8108606833118475 -0.7027864555167969 -0.853263158169478 -2.919104470573723 1.005533471604304 -0.7680724766539276 1.9004541452688584 2.1441213858014327 -3.3462116743898735 -1.276411737247351 0.7243229636289784 0.18052258286424325 -2.4465879602377054 -1.1899407635530561 -1.2604265966860808 0.8986225403048826 -1.2860147250297276 -0.9671203521335517 0.6698618106055106 
3.3402341352371634 1.2371484314599583 -0.5080132290560039 -0.5266953196174254 0.6767130837889324 -0.5236884738812042 1.007249257370662 0.30178177863559036 0.04836661226271896 -0.9632298695483121 -1.059978688338236 1.0157484104830214 0.9105391740072148 0.14401929702384955 -0.6384277430775286 0.08785449595542129 -0.42748863519064 -2.2880083695244093 1.4749320137779236 -0.8911865784523262 0.06305775467151471 0.8225135940169991 1.2062338896394291 -0.31840233333785994 -0.5384096808291349 0.08970300624827098 1.5019768345583784 -2.7214396367811027 1.4467252275704252 1.2741699873830108 -0.2040340947538482 0.17842474399750696 0.9578161620352196 
0.35603129196188926 0.8508097035561905 0.3360797760344359 -0.8514382773119654 -1.0545668342889238 0.04695435687964355 0.6691559073250548 -1.1542711731150215 -0.44917363188210196 -1.2307831358322647 0.008317896823129157 -0.3666864306934217 0.1264230094350895 -0.14627177732329816 1.160407810014428 0.612040460722646 0.40587346985057116 -1.8455940614600304 -0.4391203354604198 -2.227575986297847 -1.3837572112249057 -0.4032612198220497 0.03800906509355315 -0.5250252388404306 0.5932620289160473 -0.3588952223279962 2.5525674433778978 -0.13111365799117447 -2.6940696920749825 -2.0272490132350183 0.4935877233319994 -0.889699428943709 0.2054875833093487 
0.10804824170016357 -0.782003195509947 -0.11975470641273943 0.8230004652190778 -0.88169799623293 0.3355912219914552 -0.3331031743139709 -1.25859364929877 1.1128140077096031 -0.7313536344779856 1.2803295127551655 -0.23674570445133916 0.5927491891989631 -0.7679339782781549 0.24142913019410678 -0.22488485493587865 -0.8767448125286709 -0.8312442061494355 -1.4881456531641477 -0.10552759729301216 -0.3239641357003752 0.9995465042253234 -0.37423124441760747 -0.37819345680995137 1.8981254600279567 0.24469958259805563 1.0077534047189283 -0.7264078671796744 0.2785935398178852 1.1654352249413213 -0.3278203915260044 0.6599001491976864 2.2606417612212177 
-1.7773678430653386 -1.5217598777738306 -0.36406517083166795 -1.9953455306096186 -1.9421413968194463 -0.4979622591660754 -0.8230974328006565 0.19456881148870311 1.0092249035823662 0.46692384437344886 -0.005381125104702256 2.102506459428693 -3.7611002772510598 -0.31758623161714256 -1.241783495911922 -0.7416500234149613 1.5822294249362516 -1.2598570409459782 0.13464443030087703 -0.962143873656558 1.0149444540516643 -1.406719789249725 -1.7955029747899147 0.6383918341719489 -1.9534390214512631 -0.6823304866681997 -0.8182928835625215 1.0949787339456223 -1.6379373246184512 -0.581448207052909 2.046277094663088 -2.9264977523675157 -0.13306278713146374 
-1.2184332444326114 -0.4583892537821725 0.691057983002348 -0.8228252139136942 -3.4659462609253544 -0.07293145933797217 -0.4749185408104792 0.8895069989414293 -2.3916261931452913 0.2710124371081323 -1.2261733061888775 -0.7278682530988405 -3.9314873401385046 2.1239544144334084 0.8642003841830906 -0.9267578984116676 0.7211770317932683 -1.2213246264750157 0.7354581341353077 -1.049011915352818 -0.031059664039380035 -1.08282339911133 -3.33154364249196 -1.2732183782031907 -0.4531732139468129 1.8275215082396263 -0.10103617359149471 1.2939123816683644 1.2662858784149518 -0.2402972976775821 0.32087550168402734 -2.9853102785145516 1.4757631204008528 
-2.332891975915788 -0.7186011447943521 0.5621907713043383 -0.5281908859112326 -1.359608857002776 1.9365555315173448 -1.1060474399498779 0.9160901307439732 1.509636502468832 -3.3351746736512964 1.859999435877182 -1.005486699949176 -4.784113391505247 -0.4144116350580617 2.9076146039416253 2.6241354239909898 -1.0327544500963046 -0.11222907189628951 -0.740746933192733 1.7963150005130708 1.7937437084104473 0.15045559555271598 -1.7064905248025737 0.11903426386559639 1.4554255514754788 0.9888943235557179 -3.2516295199085494 2.20894891733764 3.4283578723224295 1.0363076987614122 -0.21053047372994385 -2.6827413349701117 1.9118339644715383 
-0.8267585615831674 -0.4636021263176381 -1.052017137422614 -2.067920643836078 -1.4224246152995998 -0.3474356150700094 -1.8726196208664996 1.5111983065734962 -2.088853474422428 -1.7309198226777904 0.6018020678682763 -4.319794101274026 -4.3377370146417045 -0.1927437487562521 3.6214806648974935 -2.1523311375346164 0.5511454075386186 1.0807544015428312 -1.459429492077189 0.3208899288643143 -0.0839631388850041 0.5645180662318041 1.2268792193348235 1.541931060449892 1.0428281078712272 -0.1842205302997692 -0.860425162526816 1.940522560702807 2.79295170033377 0.23736000204235816 0.6982686980589472 1.586577065715029 -0.5341990743919593 
-0.8122729496820265 1.1434713082947559 -1.585837361010931 -1.1022998940391486 -0.3037932743043022 -1.8711189071907257 0.12328600781575909 -0.19962118988940633 -2.1090703058513345 -0.19668131775139377 -0.23839733469737762 -2.026414041686386 -0.5423123454480305 -0.4267882884832403 -0.5872792135714215 0.06568306364782617 0.4553208075113753 -0.12249501391730584 -1.1462662648634112 0.3554265533981715 -0.9889257625957399 -1.0389751638529825 0.051162341802640024 0.9487946061943471 0.5313504412479099 -2.5037811988625798 0.9336144833045925 -0.5320478901287226 1.8082061170773165 2.170739543267118 0.006946690942218124 0.6127228504957146 0.12490697661121546 
0.18734104869321916 0.5136547619943649 -1.599515610226818 0.42063517412726364 0.8989827067595386 -1.1683838287498793 -0.020552355842185628 0.4832162213271509 -0.6690743507133903 1.1513484030886205 -0.918805593750661 -0.6535419199825937 0.424430850038778 0.7539048625495641 0.6076333453238437 0.6271812211043917 0.3293169795745238 0.7611694083464757 -0.3676333984755573 -0.486318599123538 -0.41211041477401394 -0.45158153975838106 -1.9859272648180586 1.250770370494106 2.558702342755734 -0.39054037887758264 -0.7421546585815787 -1.3659356542726722 -0.36695064842495534 0.698073723148063 1.4450377055940127 0.12896506285562687 2.2059292765136798 
-0.4181519363628526 0.796639112026694 0.03997591823715517 0.022318723077916092 0.26340005502328584 -1.951282580291765 -0.4830580398073107 1.2119232710235468 0.2106915377125692 -0.08091973154166197 1.144194251829638 -1.5332092936020427 0.816821460282706 -1.8910505851057777 -0.0510082258842028 -0.05628140194751409 1.0565159290292345 -0.4184608296099981 -2.3782102645465364 0.20252649422409988 -0.5300262129702612 -1.1208883018600495 -0.3076906773637406 -1.4490704648473252 -0.3531883813715836 -0.7812053570929312 -0.29133610129683685 -1.9872366838703355 -0.6845702093034353 0.4604158081826293 -1.2307401574167403 -0.11585485646647102 -0.18330563169322028 
* 33 17
0.8101620322344709 0.20200415140157305 -0.31042152637241305 0.30449639199467093 0.9081824287543031 -0.6454328797199238 -1.7198379830352415 -0.1527606015948312 0.4957605033495797 1.8553022832272223 0.7951623465237786 0.25903200337647625 -0.8018389075504982 0.2909389687612727 0.061153976287337895 -1.320328132759711 0.49874187202609155 
-0.31932487102955404 -0.32892619940602513 -0.35279785308861167 -0.9303900468706212 0.09635684192190869 -1.125846488146013 -0.15490836910040628 0.36116733714077764 -1.0271049694075198 -0.4204034282743444 -1.530084878169912 0.23164689985211534 0.18033336164643302 1.880194965744921 1.7638238959512729 -0.6980733069513835 -0.22703223085854204 
-1.33817464794957 -0.004853408666252532 -1.1072723790030103 -1.428327203376689 0.027482804257767328 -1.3205630747223407 -0.8751416147219061 -0.21923322308687376 0.29318346038180737 1.0259468935520655 1.5821496810714752 0.26004662741923684 -0.15317650087804197 -0.046993127140916066 -1.3874324063123809 -0.5247721365781337 -0.8236978223529301 
0.472307340935326 -0.5515264659371589 0.4308177748196596 -1.430065457421903 0.3889691324437196 -1.5595933112733151 0.6860814870197368 -0.3370579043229211 0.03407798000694412 1.0404201354521814 0.2613344421796639 -1.1517282645108253 -0.18798850931153435 0.48813762294409013 -1.011364463118608 -0.972203605881624 0.4129809561682164 
-0.18684112520012927 1.0104141214176827 -0.40953945021033183 -1.505830634432137 0.7211869850350672 -0.9066347222126344 1.6602833896182636 1.0249776273997104 1.0734051809609892 -0.6302281230370754 0.5922405006093938 0.5278645754331062 1.0351133092275857 1.326967175963331 -2.491355520748163 -1.7701506336803525 -0.6055189481513166 
0.5666169260199542 -1.0462104760727897 0.3402283279462465 -1.7424094857579424 0.118987833433331 -2.1290122936351588 3.151233613844236 1.7135578429020495 -0.1689164367295526 -1.616844076379794 0.08060967962925376 -1.3751879781652476 0.2733281640122116 0.565691893589761 1.4385156221856452 0.7252518723817887 1.4396625367790388 
1.0737881556944673 0.20420959539690187 -1.0916129473757048 -0.3755241853862684 1.3616751226761126 0.1592504437507406 -1.2307101313463835 1.5618284054764286 1.3150522074935607 0.33244683748272474 -1.8822803917778828 0.7460652595036845 2.5837259746231505 0.06864315617125986 0.9211922385038442 0.24468485430930373 0.9954583142290339 
-0.6964991278847674 1.8945776386624251 0.5826154183795056 0.1757238774463808 0.7924027120785204 0.1944935741858003 -0.8465023524192092 0.04382431390100423 0.386318394099695 0.4633968672138684 -0.3337961983762455 -1.7859616389731228 0.9658344388036018 -1.6946180692766972 -4.597840206870979 0.08500526933762566 1.3032310917895353 
0.15776703787146368 0.7423315268207014 0.9870429598630422 0.37852177550398863 -0.3656465337267573 -2.7016269084325026 0.23571929208747056 0.6369078334530096 -0.5090788991661053 1.21711845509422 0.25469506726235963 -1.5003381181357898 -0.2111792404971453 0.3458337659474666 -0.40359191192143656 -1.7700749144480987 -0.833627865535703 
0.6605157120894654 -0.6606785089581677 0.048036430954893676 0.7893489221101444 -0.2921170758516669 -0.6981942250274072 1.7393722896761314 1.4020319322968045 -0.19100353217100297 -0.11772240720133943 0.31647766528137455 -0.15647407635422578 0.5016825902670164 0.00788562336050126 -0.03442826941804044 -0.2114427060423352 -0.40842853587091965 
-0.5602540786418222 0.041093253559231005 0.8169155196420829 0.9004432230987992 -0.5049767873546213 -0.7912992464712515 -0.8125293069105703 0.31511956986337114 1.3620630987152553 1.648767446034522 -1.152867192009348 -0.9103967051320662 -1.7030421673276999 0.846022449229285 -1.1515459660085337 0.4478144401460592 -1.2482764805176358 
0.1630438237683583 1.4220258318788686 0.8666244207212106 0.23984653190645508 1.1937198831068627 -0.7482576990558526 0.798774573704907 -1.1062523268472182 -0.6739490451552448 -0.5002289825219778 0.0035835147723135186 0.2835693961448133 -1.2651250747234404 1.061748680938403 0.8355710467642393 0.6675085138338573 -0.20799404248885486 
0.21561318818076225 0.6565433806879156 1.8219014413699026 -1.219122618211305 0.18899022652037414 -0.34104408985433143 0.8443156241519555 1.4498468681766443 0.4256107767073687 0.11857314132782622 -0.8495161278459166 -0.15489616616792526 -0.28567281884593676 1.9608972066813246 -0.22906254926973627 -0.03732269700668609 0.5289565867326925 
1.9541932608310704 0.010175901919293576 0.8386066115225476 -0.6198394629492043 -0.7897712221275811 0.8954283320380722 0.11166392536483677 0.10916317927966768 -0.12135353740945054 -1.5818308724416832 0.10016352913526996 -0.7276350362580069 1.0048593699490411 0.8999465641610158 1.7638579201907205 0.3379206804221292 1.0576946207032714 
1.5764370018958045 -1.1991706110996307 0.15252347716311582 0.5632824532549351 0.9208684730732062 -1.807976690175009 -0.39603306294601665 1.4966627146202542 0.7883635950877474 -1.6349190463637941 0.6103376556575868 0.8305188184145093 -2.268202613361162 0.2875172317697248 1.252807054959734 -1.799352426412887 -0.4559923439422345 
0.46506886314166124 0.09532239260180603 0.6817048270681293 1.7550312401629136 2.0210433538249153 0.03383240049578948 -0.11905040598030481 1.0014200475992217 -0.8432096387328585 -1.6562944362238239 0.11307244836079955 -0.82911334209735 -0.2901470332127996 0.6385378147549047 -1.383717107707924 -1.1931902074804883 -1.3183935688598978 
1.133091520498928 1.3794561386668576 0.2312346674904449 -1.4300804724749623 -1.611431549391107 -1.4436944653764192 -1.470090307341042 -1.3226338621452352 0.4354657611693521 -1.3920163284943932 2.5870189503023773 -0.23655488946135203 -0.14652566907214584 0.6390238145994259 0.46448001161490376 1.008732328490108 -0.6047098185334975 
-0.2926663048001425 0.04300664924965314 0.3292014025542725 -0.3507300806196313 0.9188180473397144 0.20145568625196453 1.0934312721631356 -0.6866920241366438 1.4789046008122677 -0.05695577773339149 -0.6604426274233012 0.03374462651845388 1.448115418134735 -1.1501097076270397 -0.2844086589828248 0.05809697835941293 1.216295182356562 
-0.43495999291119614 -0.38108710326174927 0.27686931015427235 0.44702177082867844 0.8352140490095765 0.6454749315000692 -1.6672446212467598 1.3415366478567614 0.29831987877125654 0.1591409937396532 -0.20328896714203654 -0.46880033889344563 -0.9455618051021178 0.15900169882492332 0.3533885178157719 0.17682064770932834 0.29834505034705566 
-0.611838903872381 -0.1729219989154071 -0.09778196765544697 -0.08991153962431056 -3.0948340238706313 1.467771637577225 0.4531741254136793 0.17726889432461015 0.7937945055077716 1.149696042712805 0.3786759302362663 -0.2064642254435038 0.9860071828059482 -1.4468846989329511 -0.13297413993998317 2.2396567723343717 -0.19261863384223346 
-1.1979866062844757 -0.10437503300430366 -0.7324482558974931 -0.22011811222622105 -1.3758019455563375 -1.809141766246074 -0.7843543638521889 -0.10997956358251841 0.6123560173251513 1.1511258281984182 -0.11791473978378968 0.0679149248764766 -0.903815006425505 0.2967662123531792 -0.3212124242956321 -0.7908358198526519 0.26196167088971367 
-0.4934777497773871 0.1359914290591774 1.8568859484288711 -0.7364070388607226 1.7346084500153676 -0.41462070981209526 -0.5624961654170074 0.8924546341774557 0.9111149975883709 0.8786458316854827 -0.12872571421808618 -1.4859416746719203 -0.2550513488718469 -0.857919419114036 -1.4270645614576294 2.11053650585917 -1.0388462895673072 
0.7988151092655958 0.904756904046581 0.15246809137132125 -1.531152910416129 0.46849866777490373 0.8902042330323446 0.5647601027915325 0.32771297537783073 0.7074666909494064 -0.29750685267404886 0.8826615705312898 0.8743945304545502 1.7099150298010868 0.39772747411316006 0.06560461379524532 -0.2980470700741704 0.7463295325915339 
2.5035712596382997 1.2478038493020895 0.16302529338288496 0.3633345704942045 0.4387814233282498 -1.6436269060122017 0.828081621385877 0.12486642514397549 0.7364152961428403 1.319350787692292 -0.17081399948539194 0.6771822221739863 0.48376572894158276 -0.6200133111566388 -0.2513140525754132 -1.3559525649297088 -0.3408306597183953 
0.6284923664521909 0.8231769936122753 0.39025876616661226 -2.4380576588701524 0.4854887496135255 0.35602407170696276 0.5856994973583863 -0.1379354012777282 0.247502342608821 -1.023167659024132 0.5300215921666409 -0.19381053436517098 0.5095561200467397 -0.7480421756918254 1.6895155549561012 0.8078574769563315 -0.2851743720272912 
-0.5382506955705458 -0.10820681087481111 -2.8077580743574533 -0.642643843580372 -0.8438267417840155 0.19419300366891137 -1.8720151115854946 1.8390444303569073 0.6080725480008378 1.004829602083294 1.1012110951109593 -0.3122804692560503 0.6784691974123193 -0.09656397336055 1.6475136639568098 -0.27087078620032234 0.956609386207693 
-1.157489141890084 -0.25213823230412913 0.031776291323340776 0.31656424119353765 0.0266983874433882 1.1236777276541285 1.1047037228833858 0.8452974743829383 0.9164387879199517 1.4123748728697394 1.052748674286264 -0.9375704130075374 2.0658455872763013 -1.7313349606806154 -1.1549552325784282 1.4170453298386596 1.1117670621463878 
0.9861590203214127 1.3954888352865624 -0.7905902196158796 2.179460227345026 -1.7108415453714683 -0.3846064037156414 -0.4872743776231681 0.7366606927570666 -1.6460885687133435 -0.828749831844612 -2.075933651643441 -1.2878972739183985 -0.13334011491480616 0.1019255113640772 0.5571201648630345 1.4934333574407657 -0.06524205868983292 
0.9682879544951103 1.282216327648135 0.29413568753391117 -1.0921091962087044 -0.034596521870504174 -0.5374649707698212 2.436187715527133 -0.11832903384184618 0.22811740197041452 -1.3612377784536713 -1.2850638806809276 -0.8393397574036849 -0.23544904518033388 -0.40722541922509076 1.2094734825908355 0.9642781292903644 -0.6987805221252654 
0.4448105123261452 0.30152371404503936 0.5690351241761435 0.024241545342610537 -0.26546301653176013 0.32462102559353045 -0.9881388413730595 -0.0527302998975212 -0.25252321638966296 1.7361157665816238 1.0746701376820196 0.16085148206606237 -2.6095079711924942 -0.6375689925154703 -1.1929833615023744 0.16730214608192318 0.66024512535339 
0.38761650045441326 0.5599763094594039 -1.7818104086670745 0.5317670694814262 -0.3126243487888603 -0.3369061854514807 -0.3908859121519771 -0.5981468367381987 0.8592123076544822 -0.8943435465535288 -1.1173177633679856 -0.9653468179460197 0.19871334879821692 0.2973518057257008 -0.724344430792344 -1.2421612352335607 -1.1670065410072643 
0.10717335692524564 0.637577030016617 0.890003676195964 -1.707213182418118 1.6767711198940025 0.5843799922243922 0.7144286485584183 -0.19559186306049592 -1.3518362295761184 0.09008872319516203 -0.1646404203841967 -0.2668657732661558 1.746172084279909 0.8097684050104209 0.4006475827577268 2.0891913220400817 1.1101319695143455 
-1.974798416606556 1.4024981261643712 -2.704760028187738 -1.6150399171901504 -2.278559608620857 -0.40004613845880177 -1.5447979980920428 2.4897997997707932 1.0616197122110183 -1.3916341257010156 0.6719255949694246 -0.9294176639120262 0.10106731484942999 0.32498222162106266 0.5970415772224721 0.8844624901447515 -1.1406789858125552 
* 17 10
-0.4346028026856749 1.1825795714323022 -0.58564005106078 2.4186931604040938 3.7411265289271594 2.2417718241847875 -1.1894928424454914 -5.065029981414495 1.959779200263919 0.5681033197123113 
-1.6274258537514568 -2.3041367774655486 -2.0619020738420386 0.27263062027779966 -1.3459813708647996 -2.731066654117645 -2.71086154985308 0.2977760735798544 -2.8282608682796573 -1.9072400115555599 
-0.03102923063863792 -0.9537070634942759 3.2680649625721427 -1.3530217434847682 1.6288725679465839 -0.9371954151864236 1.790548008789482 -2.596833618387747 2.455061614962644 0.34512508273464565 
-0.42329917245351256 2.0466677808819504 -2.196684392322771 2.4931585986499916 -0.08269104843762623 -2.7309608466466666 1.4424450454281443 -0.3105967577395654 -1.1990813188343263 0.20651838175400797 
2.9617887918914763 4.900242938639832 1.3665938785969012 -3.368067302740326 -2.4848803024291466 -2.39116874542786 1.5773536827727277 0.035760784899931085 1.3975047686760267 -1.4969055783784881 
-0.7876305829801631 -2.042794515100326 0.5354814394028579 -0.39910332336303095 -2.9485510262363523 -0.3881640201130985 -0.22169627049134957 -2.0963530290886165 -1.990283158455085 3.2626637641544423 
-2.510964267409153 -1.1963925469982062 -3.9134694783536763 -0.8696430683050764 2.7521266069975314 -0.7085178213505294 3.8286663814770483 -0.7788652120494692 -1.581139278367966 -3.4263217680420186 
-2.838100750665927 -0.9930482297396467 -3.718657591780606 -1.6880073183519684 -1.7740951580111295 -1.6208025927399836 -3.4274587572225683 0.25582396783797945 0.2671740113577753 -1.6977435783770343 
0.6476408149176763 -0.07405983972913616 -2.044098359616746 1.2619246392399948 -2.4922288489472653 -2.9161235607293245 -1.7518417957476233 -0.389960341961648 0.029554118335255973 -1.9951235477203528 
-1.4646294501468256 -0.9115907560567392 3.6457030008887723 -1.7329257135819738 2.2089896390535126 -0.1224263766689 -4.409377737777177 1.3601743418545065 -3.2695535461548855 -3.024549072406411 
-4.697761184819312 1.2555987668787236 2.291329388005647 -1.8941751615524933 -0.8257738764344575 3.0560818395632094 2.6200811387776857 -0.3743419789183403 0.9274023852347413 1.3331240171480112 
-0.7823665604222115 -0.07621741077504092 3.102185867485554 0.1432856705309507 -0.27425814053976455 0.20817416111778522 -1.0644517330827996 0.25733394624855893 -0.3686669586951739 1.074670288841143 
1.64279604878166 2.0323703202379315 -0.3778226741743092 -2.0279029744203076 2.237560311242034 -2.69218152412873 1.749810311935745 -0.4013580959795706 -3.528784765285169 3.432493851594334 
1.2082693731479206 -4.272972254882033 4.347987553195972 2.5184614921767747 -4.671849708711427 1.7079902256039854 3.4762408686998647 -2.906789261974399 -4.085971616703262 -2.952387683354771 
1.7453651808137018 -0.6748102862287693 -2.895123773046247 -4.880553054028065 -0.2507917245986003 4.053992363628916 -1.9257983902885236 1.0083090482662116 -1.8277371305201562 -0.6608990462786866 
2.6120641048415276 -6.716447057538313 0.6490308152510755 -0.6897229001430524 1.4598135161261248 1.3993495400859088 1.0076153185319436 1.8162261564267794 2.73454430230598 2.8377908391216207 
-1.138877465706216 0.7443198555243579 -2.7005492660256576 0.2341938288894186 -2.379232263701126 -0.6705080177863169 -2.4428351084823943 1.0241617040792648 -1.9051091820797321 -1.2660436575048535 
