3
* 65 33
0.8566928525411919 0.8932350357250741 0.8663464739830117 1.0475587505575112 0.8944974856439493 0.36901534745117603 0.307389252263593 0.002206744071406417 -0.17421027847108053 0.9694599159685835 0.513608187244801 0.9840854467295335 -1.4850627170068578 -0.4327506654273918 0.5716550520700744 1.8964815941095579 -1.6852319754752734 -0.04048714000527919 -0.8589510814900188 -1.1290514777683434 0.12397821387817334 0.1107203706973133 -0.17010184608398587 -0.17672773373809547 0.10720185279392572 -1.0112867421130238 -0.610951782243664 0.6417992451700503 -0.8825954499692924 -0.5876612860124493 -0.383434350020911 0.16444377839778618 -0.9305773857421725 
0.7926154958915648 0.01791256813981394 1.9608052361332295 -0.07714702695665145 0.5771046625929517 -0.7600478363360641 1.846192795023249 1.098293974107151 -0.004880727688452484 0.14752207270135254 -0.5349893671743225 0.23830761680398188 -0.07772401732810585 -0.22527844181128276 0.7521750643875287 -0.16167399164378163 1.0900609985055605 -0.9489804227140264 -1.173285430074959 1.9268680565764702 -1.6605017439599767 0.5124331120276746 0.010400572106885338 -0.32557589750205546 0.45178127941684965 -0.7231468256028418 0.9324809326969046 -0.630346906560251 -0.9024741870743086 1.446891491357846 0.16113857893748706 1.3702773824229941 0.20235126843889617 
-0.5676357129484937 0.9168058455621855 1.1462592883376364 -0.21012446817683564 -1.074392110337416 0.10001852502443216 1.784568120623649 -0.2058566670354707 0.6967705167773538 -0.25802071596127824 -1.9922792930465523 -0.7941721416096361 -0.6427154649768021 -1.9220917436051446 -0.8629647615463271 0.45094779405399293 1.1741103410577003 -0.617892177391102 -0.7784268793308007 -1.2113741244140486 0.0905794916923245 -1.5350713012255828 -0.9645849525149389 1.296597780750927 -0.22952637457259992 0.6895806694121779 0.9571874956639146 -0.9067676444294228 -0.9737203984268911 0.21868371402556372 0.48322319980550965 1.7953539147305428 -1.5767073827689855 
0.858671369929123 -2.041652142640807 -2.009784647439371 -1.783466835407488 -0.6815752435364046 -0.7056944629972879 0.6061187253388605 -1.6053805632216418 2.1906010835620613 0.48116790732075787 0.4204616784674492 0.05128486411441167 0.45307714261825666 -1.3105426770273265 0.0025906627926616157 2.201592532651952 -1.1664251930765734 0.8254410155155272 1.3680302354980696 -1.008842986102275 -1.0960232412296225 -1.4630745756540078 -0.6725763715905773 -0.2550528568611196 2.1038379949995103 2.001739122727179 0.29823098883619675 0.2681258163792502 1.1337920065300575 1.292662352315383 -0.8692671967272896 0.21226634151123683 -1.9821670205372137 
0.31356149054518834 1.0598958359299495 1.8962924523796925 -0.7159561110410613 -1.1513135018876857 0.47354559871330376 0.04999981306003799 2.0224859082729227 0.5806516661952693 0.20500370348179014 0.14428197610184695 0.3312209605793846 0.8993856960279588 0.5138099814210548 -0.9532355985385567 -2.0181398529883747 -0.5564125945722376 0.724971130075619 -1.2556816254848073 -0.3990113471085319 1.7186425067784825 -0.5308647724466004 1.8042648882159689 0.21633705976274964 0.5860857222966331 0.6090404587386583 0.9191879717211906 -0.7745404462171955 -0.691836930086256 1.5754241508727143 -2.7591172388304592 -1.3905425843480959 -0.3417477179764702 
1.5483491692739884 2.0868632284959556 -0.406336900592552 -0.9020078015352753 0.2624209863822114 0.5840830698879038 -0.3674585254552055 0.6093458861829619 0.2759456817531295 0.4524949359588314 -0.39016655210938644 0.22908144884079668 2.610175976589009 -0.22137948326246906 -0.9999101701934453 -0.37477289082578863 0.862708509980226 0.6589696361953149 1.3139308844089572 0.16026524846842077 0.10499249959307318 -0.5581542277534636 2.1884846472519395 0.3646501781016841 0.1692657962223013 -0.10642400620446657 0.6477662485120307 1.000067110173075 1.5233035421062024 0.633597087348282 -0.8551918260029782 0.9751806181565739 2.3357110812689346 
-0.23598590718639764 0.946738247414719 1.4754251869373431 -0.6899821797597295 1.7908287191018124 -0.37185691662581516 2.759086211409327 -0.8585405966989409 0.5481715026998337 0.4322240447062554 -0.9983658713262165 -0.7992058716185477 0.22351593728081082 -0.4807865167367206 2.0997492945738987 0.6974314861625103 -1.068641800420723 1.6985459264505474 -0.34161246843316523 -0.5582643840762711 -0.7692609670932493 0.9040917082380842 -0.27126793022929263 0.19674429036811772 0.03327653091750626 -0.1643796914869517 0.01848797817898768 -1.9475298113610966 0.22297146055111444 0.6518211241211862 -0.3620430795517124 0.8613826870897761 1.7294606069070966 
-2.0537793902214876 2.0228014174590085 0.23176965865238067 -1.4096638402791286 -0.0909918646036258 -1.2553087384650092 0.5302022160738942 -2.1642140598807136 0.7406228659682312 0.6682573452241478 0.3132920119576154 -0.9926248703357489 -1.1600268004532779 0.7031408372547212 -0.37057412893520225 1.7668778772164848 -0.29400959537137517 -1.3581718638340627 0.12314220142345816 -1.0980064985339544 -1.839767381108034 -2.22883330398404 0.768957421225581 1.8505453674468748 -0.32525311402131635 1.2602006486162807 -1.3997274964700803 -0.8557321619876802 -0.6913413737883312 -1.0875306787902321 -0.24561125296825073 0.2038200232155619 -1.9608161021213626 
0.6952922242510463 0.9243345858937019 0.8225243517947645 0.30225116608291164 -0.834994870125096 -0.1691983533909706 -0.048130256752661964 1.129695001600433 2.0041478830361115 -0.026987364497235683 0.5042281460161611 -0.47378610806367205 -0.6160263330655155 0.11349034533729314 0.8793272437270296 -0.5988950247382394 0.3189083002612015 -0.5878816470863448 0.16120734894218008 0.068855908911754 -1.2632907826983915 0.783385357658109 0.30497441802836367 0.5624434292491689 0.7411027987911797 0.21606507549551052 0.12866044472250324 0.891718989237969 0.03165616819025233 0.14681786178391512 -0.31398997066320466 0.38302149834114313 -0.7502526900913252 
0.23694568177623995 -0.7602316554721944 0.8317556290370945 -0.63758263128246 0.8678702055973324 0.2832759136240397 1.7502893344085793 1.7823246064596754 -1.8584745094051518 1.3828880548975895 0.15235931291375113 -1.7044010623489347 1.5029539625799415 -0.4215750787186869 -1.0139000363775448 -2.201166563163482 0.8801238506098467 0.05833102096304046 -1.0430654476686825 0.17613678509772218 0.4993004758411754 -0.668938317465166 0.9172160096834199 -0.7301080009537798 -0.06972794870960118 0.007905609672447824 2.9503095422400607 -2.506656145096182 -0.31732586405159663 -1.1570115291130094 -0.1536124483078606 2.5081972723298214 0.7753216217379324 
-2.7306769495907495 0.5955632300358383 3.9872468481105923 1.2886370477816307 1.686527998066803 -0.9709466054128567 -1.3428545821715996 0.5034839208648069 2.052309206595879 1.8851787793532588 0.5829946989230474 3.7618441057181218 -0.20878943660684302 0.19163262577593504 0.19661473672812468 4.0942173506092745 2.1155880365670385 5.742228833405134 0.5236438227229367 -0.05397415788677495 2.2133973801255356 -0.7713226686717628 3.088168178345242 -1.1247786418459889 -0.5174696348106272 -2.110311855414537 -0.19771604903390327 -0.37212793761541835 0.7950755899104215 -0.8493411529208696 -0.3656599819571877 -1.5433433742937757 0.22168873086800261 
0.5475437073703063 0.9452780482243704 13.970022552236339 0.061181724371809874 -0.9166125984171406 0.5651928241299786 0.257593851988736 0.31817899961810486 0.9223645794366768 -0.5355774375094954 10.455226420839734 9.797718818546901 -3.2966166280772966 -1.4128890746490654 0.3383956398557704 1.7570020607482721 -0.751139825473419 2.530875164476356 -0.03253817459141792 -6.573832514132019 -3.397305635158619 -2.721879574295471 8.013417721675 -2.4271873914467563 -4.555215037395245 -0.6778827719556605 0.8089419186456226 1.7325764585979468 -0.20877477451168847 -0.15695871712152207 -7.964725610782826 -0.30404819840405567 1.7780918219402189 
7.92456119033056 -2.0133681094680065 4.300365503954696 -3.155646477817284 -1.749644887866917 7.8419038796626745 -0.9220135803468728 1.1976804444514435 2.285770312308557 2.4432977951430574 16.411666748794435 26.458043932776185 1.9765173673136305 4.258201972106681 -0.12436292442030097 21.013000240495817 -0.5111433869709305 -0.44221172176108386 -6.993619587014852 -19.5102007509209 -1.31379508079161 0.5426338625066489 7.4595470092975145 -4.524140868237247 4.2773303785673145 -1.1205059159412585 -5.190826955864802 0.0416193974048695 -1.921359524497265 0.8945104487438662 -4.637698639729413 7.19193367393278 0.6556691776772938 
-3.307535604792008 -0.5495614791027883 -4.249086857153607 1.5601637410467681 0.6493034234254805 1.2740108443723528 -1.6128805256995835 -0.05817155226193317 0.9152937655158335 -2.5639144604916746 8.242214422452895 22.96950403224801 -2.382842229036988 1.05978483152204 -0.31664421882151794 24.426384470387223 -0.587810469347629 -0.5061761847886791 -7.8717726155061705 -14.730293998844624 -1.6438265558872878 -0.5968983577945958 5.004126983422085 -2.8016254382584886 16.798010976175785 0.9399996581899788 7.259523733596481 -1.1843333126359203 -0.99335635369559 0.6783835835800753 -4.070917183522096 11.343403370244552 -0.46839000813453424 
-2.1733297585003784 1.4240789314035223 -1.6463529532113106 0.5052815750546926 2.464595828852369 1.3513738069072376 1.0226182660123881 1.6756842771091454 0.3078400233399459 -1.7822504591332395 4.483548785312453 4.831655636410818 -5.119235802944372 0.6886177243822178 -0.7271283944576947 20.46043823059098 0.8591409766312588 0.13833570603224596 -5.421576737347838 0.33467244966859816 -0.9037337640807654 -0.7467170953027804 -0.08282964318008229 -0.042307350516091455 2.1266078446934675 1.3305431354362192 1.025057178030529 -0.8936475283687461 0.7482239151100372 2.2754151354633616 -5.0894415129085955 1.99393939115663 -0.7702387699258042 
-0.2999143691656877 -0.39390937642257284 -0.6905127211042849 0.04425161631979782 -0.5935228326551628 0.0298465125028264 -1.7474053155612455 1.9825765848958234 -1.4754826003336525 -0.33196936284836887 2.038016985591206 0.7167571064975202 -0.7023457597583463 -0.01425216964330234 1.3232193558383727 1.6991247068654887 -1.1753893689670685 1.3518531341442273 -2.3859521147896166 0.4512230615523323 0.9597744190743587 0.5805407571090064 1.555246569543987 -0.5593902035800032 1.449887941148541 0.07819268114783667 -0.9861406855636137 -1.3533461595341272 -1.196590344843948 -0.017201620845527375 -2.5623047543015636 0.4612453381615659 -0.4935057711742616 
0.7877804042921105 0.14810533513589005 1.04752162716879 -0.062128632338180764 -1.1453912654999603 0.19326957005365247 1.2177435719181704 0.47068448652535755 0.9040209241850269 1.5843727760090762 -1.0139010025973565 0.5920371143324351 1.7720736544079807 0.618673545123569 0.18802045599132003 -2.318337503076042 -0.22687071932809108 -0.3925079839887805 -0.2531730604143103 -1.1380478822386537 1.0048534438359462 0.9565519699133835 0.3464544463156401 -0.7132732034487069 1.865065083852316 1.4939815683701174 0.3281683342505178 0.0036423264665908024 0.7419290816424098 -0.05428397864485195 0.5684780211654202 1.284534570999107 1.381345947071423 
2.214208848239634 0.2116873745221883 1.4427016354356093 0.08137431958487337 -0.8671033150790378 -1.3478277221689117 1.4518530445759825 -4.661995488585277 -1.893236729185049 -0.33727326721422785 -1.9568707225850888 -2.7380738957718167 0.21530301185395317 -1.3076327040871092 0.01967578780285913 -0.25276419814344614 -0.2648114825947854 -0.9545616620103974 -0.9087129305671566 -0.15005039887701516 0.046699523751579985 -1.8484454101354448 -1.1174901607873597 0.04864702240559054 -1.849847917447426 -0.5193241964946181 0.6449110210982529 -0.325918764857621 0.22302698786961667 -0.39445868000246065 1.0779514698039903 1.0038186833445717 -0.037595952068529816 
-0.7728347603603358 -0.43510724627109304 9.750878035779639 -1.7942687741767527 -12.657201096873354 3.2843825306377044 0.7065633565919867 -0.42730924759055877 1.7912536981913179 -0.9150596063022302 -4.798639047681394 -1.061699142959873 7.72422614242036 7.438293548714875 0.8976104383817883 6.631216367163116 -2.457187744207457 -3.902428219818806 -11.978612816065716 -14.637326547819875 -7.9301147979875495 11.578329386016573 -2.9986937019055317 -8.71674086123767 -12.680085408773607 -1.4115157181331084 12.013455564979218 0.11279218900445787 -0.2778821288433437 2.2968823526524793 6.862020590275926 -6.01974426445491 -0.13250080420182067 
8.667932387344496 -0.004302638571730948 10.297492648443367 -9.014717861402678 3.918270828699892 14.469837090345129 -0.40489179681888665 -8.057027047993165 4.378320194254855 11.996283244671712 -0.6889888504613151 12.954753573489723 17.087769875308354 6.336748465461389 -1.6807260734350322 -20.709969246520558 -3.0905327129254467 -6.381042588677637 -8.960107524623675 -19.618730241939275 -6.904270697323423 11.371411183818118 2.185955816780175 -5.415559690576982 -23.657233010561296 2.02383283030264 18.588962164376774 1.693323293432646 -0.09283729168589121 2.0085336827989004 -4.732034348437975 0.13977040716973113 -0.8768459449338233 
13.540863152960528 3.422095974038456 -7.690558998420313 -3.091623986770912 31.59326281881421 -4.085462010506589 -2.2963353488261533 -38.770600807713436 9.06529167517409 -4.94226128303141 4.704488312101764 -7.196222042348632 26.0889743848735 12.558488397950274 -1.4406049352317556 10.754562406440364 -9.465441316810612 -8.241188901683845 -0.7987996687035234 -3.1488364712316446 -12.370074772705989 -30.25979956454886 -0.3255710907122266 -17.77097510044099 -16.978937906980875 2.041457103778598 -13.121405275470899 2.7751143794378703 -0.6019508791262278 4.209528389752966 -25.850729478468647 13.07565879067178 -0.21054855691580643 
1.5580798399024185 1.5257457081789543 5.316526074677385 -0.4248530856510169 3.1431673593021663 -14.208226147805993 -3.382838936155955 8.480431698749639 9.234216872733688 -2.035094719516635 -10.571435998862109 -16.011211912116092 28.613280493617953 5.707219936021034 -4.269313376939847 -3.245859385047085 -8.186240772189596 4.705479709205217 12.161516685614014 -15.714937652798863 -16.106671952196084 -4.022923749226749 3.614934213883536 -8.194578434418373 -5.711395999913954 0.564894742903662 -7.807224576993667 0.9530381924290677 -0.46123965498604175 0.9789807402326233 -13.214828254512836 5.887222361198729 -0.22763011970221708 
-2.3464472815355606 0.10610897488051095 -5.093562619395194 -7.282264904450595 3.7726444199236684 5.106386268772542 0.2736509193971928 7.579668912628434 -2.1157424195861285 4.5192994066061365 -23.82133080623484 -9.709064244014034 -6.810914339049534 10.062755145396984 -5.7046309680954534 -20.973711564881757 -2.398039853125445 7.1941321694141855 26.871155939249416 4.750615766021991 -7.7417674794567795 8.426888433261487 -4.780509043552538 2.4981861671393997 -12.73204429495005 0.5682161537866236 7.827511252604959 -1.2454270215488437 0.15939831650526126 0.4394358938212415 2.9368109482302653 2.8715103982917847 1.438050371024362 
-0.21586155884982686 0.4575549852791402 -0.3865982895082806 -1.9615588916243372 -5.636330793294118 5.238550059198988 -0.5384432706849117 8.83742880441575 0.9658231488249458 0.9523298162507903 -7.463654455575659 -4.837382980868892 -22.91912007625013 8.014960273141035 -1.6128209345452158 -8.965353452839876 -0.4173636383651096 -5.288149307647259 14.15243348802863 -5.272865383305452 -4.51258128119457 -6.768156075888331 -9.149124468091548 8.144273544745918 5.125882889473004 -1.7962016148568867 -2.2042497928581426 1.2975419939383945 -0.7085040597856577 0.3170888530016788 11.177980666639927 2.7133344053652957 0.702368450331202 
-0.15993444513268176 -0.3494216307827737 -0.26297610237377944 -0.2772769161025964 -0.16419058843604492 0.09840544370221027 -1.2699689868233102 0.006959369549835348 -0.6608847702690908 -0.7420429339536025 -0.9801474997531902 -0.025774317320037623 0.8057323957694871 -0.571889672476723 -0.72650772441676 -1.1959297052170337 0.2898025294559706 0.35416817619031027 0.6645175439215354 0.505415935323909 0.25824784017555563 -1.193525033406032 -1.1291649315832277 0.09263808220171016 0.7324775504337405 -0.7870859489983197 -0.30595844836743596 1.7739082458689899 -1.0185617916474743 0.250533102745369 -0.9966549820396404 0.5098972819383513 -0.2748606477684485 
-1.1424692880687808 1.0647064066523484 0.5334915456782758 -0.6387097857839981 -2.787994878886727 -3.9530977460125656 -1.6108801395937549 -5.346640628847909 -0.14012362247499652 0.3711103701156162 1.2260274243653877 -2.614136276397654 5.774302346220356 1.2906630533352452 0.7486746564033863 -1.317501718247898 0.24253563760004884 -0.017389209317334856 -0.6298049452918811 -0.6004055751688425 1.9426446187515078 0.41214931058720866 -0.3780754480563891 -1.6486184012556204 -4.970875291981881 2.0935262804506074 1.3083829605239952 0.5749131532048842 0.10254665073736711 0.8418279833449337 1.5790296793169092 0.3216969726735905 -1.2101696133438145 
-16.314328941189526 0.761543549869889 -12.593440754684838 -7.368906134750736 10.730968295777602 -14.662676616461406 -3.6085469493855404 3.265111811337969 -4.970917677259853 2.140905184810959 -22.694285681631694 -13.400398132783709 3.86958914508263 -12.482842864913694 -2.1369862379396913 -0.05867765619277608 -1.7321032753628096 13.23725285455227 0.492702410897565 2.605549541634121 -9.797103022816485 10.008715484353033 -3.7818319420403634 -6.0744110611248185 0.05108459090077439 -0.09995807289606311 -13.691540768177354 0.0928070054019999 0.8886242835705263 1.8014611164877488 0.6233335108805942 3.4760994984729776 -1.5846095992152953 
-19.585244548417247 2.7952712853798545 -31.20301542817667 -11.922569888052859 33.201983615397836 -18.305327684032996 -0.9957094150633066 2.6548288942309126 -3.0696459878170157 -7.982258864755465 -20.975306541795668 -4.158588582580677 -2.6330755624874276 -2.9788187971024667 -1.3995603871887368 -10.558620994081895 -4.9620589307204925 7.282253603853865 -3.285206037859229 5.516140143190721 -14.539380941623017 10.946118336092029 -13.879615579458967 -3.561103248561064 20.471628779639502 0.49325753107462494 -29.606649832411602 0.22998394023743393 1.407933136712823 1.0806958426264088 4.432163277125161 11.848731530482134 0.7361669700302921 
-4.53821654448307 1.8987444979908807 -6.361582748287783 -3.077901205212042 -39.748777120301504 -31.367040017924776 0.5247827917877068 -21.031927018056383 2.267079570324191 -17.466234315813967 -26.167439103811084 -3.8883861555616113 14.396158198474936 9.061177518345245 -1.089640915915575 24.205400340521464 -1.0024872539433092 -0.6680354313765566 -10.726544420363888 -8.636725421527611 7.810558535234999 2.7266952122711685 -37.76159817383227 7.979283523074595 5.193176283952498 1.864615759838373 13.581532538999122 2.015396135994458 0.9907225966212366 0.884898288469834 18.284284532649203 6.995555951669319 1.4561643919692857 
-11.051128661401147 0.7851186501013568 25.94246412731897 0.5416110521190045 -8.774973360665307 9.095329649726763 -4.095860435063783 -6.795572985180444 -0.28186698255492615 7.334051878680729 -2.9105451156316953 -43.131598378591825 21.629447138597413 6.48992610823079 -4.123966846718771 -11.093966694939148 -6.373069968503379 10.014129808799314 -9.055927249304487 7.313609688748251 -7.543692244798832 20.551408364298727 -5.355927400481389 -7.247034815222919 0.6024156578704185 0.3216526547261326 8.636894678981543 1.386371905389082 0.7683467106190617 1.2293156561686471 31.736416298313877 -3.751510479950782 0.44762564093438995 
4.024750344518281 1.6873553419703495 -2.7825717915704473 -7.446901414656021 6.62248125152377 -8.379452909970803 -1.2741708109199001 2.3621181267924993 -7.729542924367353 7.010412299793058 -4.7961497979158665 -22.194036561484506 6.989434916045235 0.0561361209890946 0.5877516084546165 -11.199523902899388 -4.490873725332057 9.736642116932616 23.35552893903056 2.646322405145381 1.1787854746305013 35.51217589695705 -6.919590373288856 -1.4488068929280835 -13.411106087717863 -0.062006439701667714 4.2375009839704685 0.9341678640902156 1.1271054740562465 1.6219005649655793 4.923926567909308 7.412131973109474 1.1853883457063077 
1.4919775338161816 -0.12425686946123182 -1.791032941707943 -0.07240095694032185 4.098181560458176 -2.045827334646748 0.09162682624254892 3.736521702976402 -2.353033761687034 0.1939086649094405 -8.986247520764252 0.6767836629847325 -5.44540943204842 -0.22530280347402531 0.6716373167578418 -2.566376056917119 -1.739239850843462 0.017553531454401004 7.290064479248636 -9.079773658747953 4.208212863094641 2.654569767513617 -8.10764505434044 2.634877691312803 -3.56168923454834 0.24335975344501445 -1.8359282557486616 0.05911834175314036 0.9175075501003845 1.623020427337853 2.7664581769289263 1.529895877400367 0.5238020620610236 
0.6388448226848877 2.0060307792476615 -0.4771902330016797 0.5376459616627204 2.2913746700866637 0.4163466101210677 0.7504670181684582 -0.8150814906246359 0.13859460161736123 -1.637034035630681 -0.2986919746007615 -0.014609498531268167 -0.029321035725784136 0.25439558212946856 1.2571628756187205 -1.9852952216504205 0.38517308957590574 1.6692794706075642 -0.6448873914573289 -1.450874793484696 -0.7298915112913951 0.36308658082687256 -0.02798190002841337 -0.5237588662416023 -0.27873162439539406 0.16866433196026437 -0.36889929149842865 -0.5624545278081061 0.5050420144940235 -2.155623778788833 -0.016821676747475083 1.0523161718934582 -0.7589616559425219 
-0.06528477819631798 -1.637195066718917 -0.43888212630597967 -0.8904483864791516 0.8285743463759038 1.7384296203811027 1.0179074661388559 0.3685544289419893 -0.19003761985425474 1.0880657599049635 -0.784751101602853 -0.33658573594033475 1.7205576528995687 -1.6980258793923153 -0.5724876541603102 -2.516082072110739 1.0356323255042066 1.0720820290207704 -1.7852026554809057 -1.5195062018504903 -0.08422152961494601 2.2253880384438567 3.452245970546086 -0.17476535718362513 0.8306211949532922 0.9652161832171846 0.9428973401200867 -0.585038625698797 -0.9919021270531707 -1.4004058885294728 1.9757965932090407 -1.067593057894934 0.6017184098276046 
8.326981005842706 3.0869110752478868 -19.970408506274573 -3.7925541887566427 -0.10464657457675955 -7.6404852817182975 2.1363740787976733 19.33587868225476 -6.012196183738016 5.263795815445827 -5.398992995086485 -22.51692703355848 -14.945031302623487 -8.21084798744717 -2.8499456168786774 -0.37656815610569194 -1.284731364819513 18.990631230625237 -5.144489758342425 12.77439566029758 -11.825326438433168 9.140262424603831 2.6157622577228823 -4.318005514917135 41.50538414057054 0.6671548000033909 -19.752361460917736 0.9222246675733864 0.045307947718160956 -1.759295933688871 -1.6544105585154192 9.364374606679348 -1.2584867331472838 
29.667945572590646 1.72635418604917 -2.7636715923045627 -4.936246014678836 3.0839359504112687 14.221360059369868 0.44684605606827243 20.61533060096 2.553072842863973 7.019580417319864 -8.880317544934519 9.963734296385102 -33.94980769542087 19.836677905041114 -8.832732972830637 -4.040588110372787 -8.654249011262939 26.74346239530278 -3.580575040703632 10.000235428597964 -25.122073262007806 -6.9175183173628 -2.855747294611626 -4.665751355069103 32.068110004594395 1.7182666316893807 6.301762010713948 0.09479790182362371 0.4310833440278467 0.7591751988491069 10.865024337043492 9.109547321627169 -0.5260912165386858 
-19.93222995787332 -0.17413550647148146 -9.596540610254443 0.3779943532713425 6.911291969764788 39.400487480365534 -3.3327926739799665 20.452201793216403 11.523074720430357 -39.299049472764864 -18.84092327374859 -6.7468062237337865 -5.380274207107701 19.513555913215765 0.9779693979924728 25.145454309773722 5.140780674137517 19.91294563013363 -6.886495292712914 -4.803313184808732 2.6606287610949884 -15.12206424336113 55.014629353230816 14.716483365485312 -10.911581867586051 1.106847093778143 16.09657947480651 2.7772687039559703 2.3403558649913223 1.6974594020704974 5.135981903700467 -10.107330458010091 -0.2081849511620979 
-7.540624559857618 0.844120484284865 -14.201008478049573 -14.796599186835008 -18.138996396136392 3.7558029378336926 -4.856259104640813 -6.06449163171905 4.5876356141192325 13.280107109601092 7.311279645962947 -3.6876412134780447 5.690477180257336 11.97049888478132 -4.689144427389324 -19.05391660108512 -9.471758260724297 0.7546233970626327 -38.880628102201484 34.03768999347241 -20.079887274647287 11.704967034965557 25.143343922959478 -11.285340139565768 15.751139400050159 0.6861831680057289 17.573218373650633 1.981305812608708 0.44036988138717537 3.697539058449336 10.332033789172362 -4.626426042108114 -1.3527769716722378 
-3.572544217764695 2.1285807059067086 -18.412770564154073 -2.5472927777877006 1.9592741122732098 6.60755996506739 0.3145723316092903 -2.442549050642958 -0.2704706689956973 8.290870885479942 6.772073450542494 7.476209061949489 1.900007616681919 -15.093240370256888 -1.4581962542253588 10.863693104548936 -1.827040388596612 8.949725231603685 -8.788975248053015 -7.2500263853397415 -2.0596037460270664 9.30819869315481 -8.947448314657894 -12.862869249301632 23.41700048110182 1.721239192745798 -1.6728604808403578 1.2350604230199473 -0.2201731755358381 -0.5598008791882068 -1.7244574465362552 4.0126299357535515 0.12348257139125922 
1.298288015863245 3.2438074799679697 0.845257558747914 -2.3649615392585375 3.129324294592675 -7.310859443527026 0.4453809039945052 2.6629330423468294 -0.9386133012226364 4.115757858727223 -2.982768120806448 7.734058897597741 -4.1053274014183865 -4.422117749412946 0.8858552144787248 4.124031229077768 -0.4804625482694948 3.0164649765123706 1.8483765429331427 -3.501681770591022 -2.6089378071101845 5.379019206493965 0.27408598122429073 -1.9294105389817975 6.075322455546127 -1.1348025976460603 -7.075150498181186 -0.5990290976733322 0.5479938034487712 0.09444890203885312 -7.689571773483398 0.9921543981210922 -0.3787464006758904 
-1.301796897983702 -0.09440339023210469 -0.2637755654111307 0.3957701134752025 1.0515574946920148 0.2889613235808418 -1.2623582067112173 -1.7876192264918436 0.37172407491201265 -0.07895115452299435 -0.058343999510202214 -1.3158846804506805 1.180569712276563 0.6083150431653831 -0.18662597070185757 1.55451871809714 0.7593752837098334 2.4885326046280904 -0.7310016825360507 -0.5381888103803941 0.4072285524550011 -0.2920696296716602 -0.09797242557196886 -0.2332452776701251 1.9269645577978385 0.3314020442533439 -0.34531730339768824 1.4310408234889644 -0.7289137114311217 -0.35381401390102185 0.026392470221778593 -0.8616017175218179 -0.2611027257239567 
2.4767758746917927 0.3096414396736149 -0.676677897883582 -0.30826775616930063 -3.4723035416250854 3.0983421770444144 0.48432464459289293 -1.0335159279854935 -0.3602161348361737 -0.9357830136098478 3.5480198594224124 -2.842163085146121 3.789175521235563 1.312682051883612 -0.14655277967685065 -2.5812725563752275 -1.5772850231696036 -0.6259099630696295 -1.4804933114505523 -1.075162195599879 0.7701517577844915 1.3429453592028668 1.7434875247124726 0.08464742213166204 -2.8265198524015815 0.8826668542373792 2.2158338592214575 -0.09284088041658146 0.5107835289947219 -0.4723128626378541 0.6199211543286085 -2.6352481808183295 2.523897055020117 
6.15517081544626 3.7609891135796625 17.717219134742056 -3.446954481852119 4.825721971654462 -15.1184554377822 0.027875263675213875 26.750412246071715 -1.8531946307409775 15.378450264560968 15.844300698512544 -10.358681328986972 -11.94045937258306 -4.101698027068519 -3.7908987680585566 11.784349131060834 -2.3331033160134305 15.306895243088995 5.239217186558092 -12.031126432968405 -7.766794381876479 17.0209149304681 -0.6008599932318391 -11.49811347442621 14.394030839226641 0.5146666438294618 6.860648530827767 1.6212994412495805 -0.36030643687376573 -0.24456990036354 -10.869812853517777 24.665905002994684 0.19120061396729104 
-30.729083078876595 0.9654748251794183 -16.533831402350984 -3.129316420261387 22.22617668530257 15.499686464209562 -3.064527536004696 27.732966926460264 0.5516384063855664 15.364840578100566 38.80149000976718 -6.494192681339797 8.871040942173513 4.643230156618969 1.452935502960058 31.606919298394942 2.631506080190742 24.486242429830835 5.190264595759955 -18.592756571022043 -5.326409780439025 21.20718141293387 14.035580664501216 0.1996708460913811 11.420403123009814 0.8312925127022186 -5.627908399218023 -2.3628873267222996 0.1014387890331854 2.4894866480399194 -28.032004624773695 19.04878303218947 -0.701043656034255 
-52.122753085812526 -0.15860647150689572 15.794189777282051 -5.482473818924797 -26.571656004756086 4.862399278502208 -8.20216713107385 -2.872300641598436 11.477699078210849 -16.606901389106348 27.067773479848544 -16.077936024887233 -12.36903272742532 18.31542609164175 0.21118310809152374 13.557898959531732 -4.935844869767696 11.773328946080703 -9.412054523683944 6.320759018726395 -6.218694507869204 11.679117166911961 26.176243079669018 6.624268573442063 -0.7143679536812909 -0.061995389013159125 15.636573657501271 3.062386634700845 0.974467384167046 3.3592046786892906 -23.300193661826967 25.24578930626182 0.32764685799111426 
-2.9639364149817227 0.13903557642979172 2.1389453809274688 -10.073748547216615 -8.550560963609579 9.90390523867778 -4.58377628281362 -20.444182020092548 0.34009590316731836 19.284903677676606 23.632340231693487 18.783429365918085 -1.3151979257144581 3.352183840090656 -3.7741949274433724 0.11733508691623634 -3.3371796358522112 2.274218183888533 0.5440964757350457 7.372440003497963 -25.502617649637994 8.444236575045593 -7.489965865185844 -0.9531952730943024 -2.731188829716284 0.7001497927998954 -8.166165829155949 1.1048072704106215 2.78192954928829 3.9539771807965245 6.564715177471293 14.817025805174135 0.4678007139773994 
19.9413482370937 2.2536220078853213 12.891979240527329 -3.7143577177431664 6.7115526812583814 -5.607074762114317 1.3507370686479685 11.99116910225986 0.7110489924596944 -7.541201762014333 -1.057759087012982 5.32260017746437 -0.7632856123233551 -0.46350549597881047 -1.251232368602343 7.383655105974516 -2.0694797166604957 5.349179933681171 -12.76284425189505 -20.31186962561956 -1.716569906199909 2.9503037700186057 -3.668708429864027 -7.257844245167975 6.604158210718996 1.1707457512135928 7.966018413413122 1.8533994866658379 1.669398990125014 -0.6211337862067923 -8.529635521035884 -1.4611096673735642 1.0528618060638362 
5.608450820004606 -0.5209323294767001 24.45912233258743 -1.9333460020471362 -1.7213461008596842 -0.1773809442999101 -0.7881124845925948 8.003708722097954 -1.0310090098575986 1.6491848031934742 4.4187072256005795 9.70481977463465 3.7366595554775457 -2.6567423461844486 1.1058443259543809 0.6305917404175837 0.050490671938087414 11.315663281061775 -6.462555377979742 -11.827305462791426 -6.197945791006282 1.2009616542741348 1.5589188213545677 1.5202912407054123 -2.194821797621473 1.000670976238697 -1.334637280519731 0.41749980487412547 1.4926561184533793 -0.3619705848342957 -4.345197126710319 2.9602865782113845 -2.3530813802182275 
-0.01284942490801579 0.21983526279843796 1.0305959043153825 1.2175144090112204 -0.12961084563609113 -0.9214565633562373 -0.18285397038622359 -1.5057592556252375 -1.6894793447904008 -1.3236539431436698 0.2517068283482713 -1.4088296530150628 1.3822730084614447 0.7767173458669286 -0.5296663310006313 0.279503606326926 1.2048397171438812 -0.7823843176018553 1.2271146093312744 -1.7200895045280273 -1.4118080223323848 1.3547299205596894 0.9791254091501126 0.004595071383797789 0.027581381424410086 -0.8019841445365119 -0.9039442463314339 0.4534318024535871 0.4195584170657284 -0.9749632084767796 -0.23602286936800373 -0.6080788765967705 -0.49500435631272127 
10.64849047309751 1.9764711369889063 4.049426993933309 0.40477079364057544 -8.159633764308497 0.43196441363339183 0.5265053900556661 -2.51854342963716 1.2490039194940459 2.181716636599118 -2.2855061220296555 6.6018109689207005 2.411333546362543 1.1179174678463915 -0.1874160848218411 -0.10050565559509622 -0.8607840756459636 -0.8989231530511714 -3.896003165907061 -0.9124035516146556 -0.9571722021164093 1.160680557957558 2.3047420220720194 -0.262094033927282 -11.22019935315629 0.41317470813261026 5.64307402842963 -0.23096399320409494 1.756099555617123 0.75250120913918 -1.5148323259513117 -3.2252512180782578 -0.029011416729803792 
27.404058261576772 2.389797637273702 21.576466933374117 -4.679535419299074 6.56982303762525 3.65128032389814 -3.056268919328148 12.884441835944461 -0.35328835837581907 -1.406822393317024 -9.275650269526702 18.075170471967798 4.35797243864148 14.41765703284215 -6.36474310929013 -8.063757960863196 -3.0087950787329576 -8.901149351262228 -1.37423332538011 -28.345870372999983 -16.08881275962938 -5.0381465367718805 -0.7026424981540976 3.0026018914882653 -17.34465278468205 0.768565090203782 10.046628332935082 0.5771930004573528 -0.4533176680823714 2.614080731323408 -0.4821645341722789 -9.576008685900849 -2.0071564064878484 
2.8467817678306475 4.563166982715855 13.29585742716171 -2.953762842037266 8.532472278880292 1.3882494052862655 -1.8174441230339151 13.156276577456234 3.7989921353198186 -9.909910736610437 -7.085553824913725 20.90683096047633 7.3642599798765325 5.463664967034555 -2.2775868521592253 13.258747701508879 -3.026713679289176 14.098254520978774 20.062151267413515 -21.65701127526456 9.11832069351658 10.13874575948084 -12.520773582246159 3.9044988284619238 -17.133285625042493 1.2356720313975682 9.934399744783722 0.8619885715858581 0.7706151780167838 3.313613233963557 -4.485309899601134 13.45634995861105 1.1804399060772723 
-0.8228105868084691 3.4410531914479043 -23.033160068261825 -3.2268784201670413 3.4680665569415594 -8.724189703823424 -3.9791336768672854 -3.3143071814145797 4.314517779030155 -22.270331611100122 -7.058735296327086 12.86408062508048 3.3055695898462107 10.536560930805113 -5.171106230721078 22.435147734578308 -7.304716424799973 -0.6872542740287795 -17.00843838902503 -27.436644858450464 -10.150169887952746 3.2031399710377677 -8.768606861386829 -4.295799296670051 -3.9265977212782626 2.194105665705746 7.727702681436485 3.854790083178931 2.342480908322246 1.0029683618387175 4.437569426635658 25.005067700628484 -1.0263369846925616 
19.66702187730363 2.2004955655993 -10.505189804846422 -2.238542022695296 5.515150205784696 -1.8521988677047372 -0.5124047570710544 11.560051724993148 1.701349280332533 -5.737409466118752 -10.689908117973632 11.031988139748329 5.548067454956255 7.623534673200549 -0.6780022941532631 1.2773533205525571 -6.480802324318207 23.60233134004163 0.4757164993388622 -13.125611865212363 -21.77990017544277 -10.087710364549851 3.7715405692597184 -1.1364785458093218 -7.195805418182022 2.000664466013286 0.37917241433028526 2.134441021913995 1.9152133269076979 3.092606559839993 -0.31300067552904687 3.1819459898823923 1.4293137849074251 
15.923801432006785 0.3065092229176494 19.49532904698616 3.0710984276701767 4.87510802121381 11.945563580864597 0.49795109823729256 7.68808454848428 2.0165075467705655 3.820099311026396 1.305597983399612 -11.29839709993159 -0.10479882814651556 4.455868474065506 -0.9248041669126693 -0.9598673110118556 -0.7691839524095155 16.168245406252783 2.6138027774205477 -15.00568741284779 -10.999379214933176 -4.9575337379525735 3.185685121309382 -6.001676001727209 -13.467070061395704 0.7600122161057175 2.3479757034356954 2.0044115629611454 -0.9199267388265061 -0.7388170372940814 -14.992723731914785 1.98580127262031 0.6698618106055106 
-1.5003130635373731 0.7573379353144978 12.606171164395793 -1.11171338472355 -1.44540748293202 0.08727499069199947 1.1845764452449046 3.658309310861347 0.7797925975808887 1.255750449594831 6.79258837740402 -1.7904432618086938 0.8068640726844596 1.0357328325811743 0.40165724464175556 0.3267236472695765 0.16226085319725056 1.69430772854281 0.9027265601735612 -0.9850630143197452 -10.595814054724585 1.6145611017249897 2.9421239662411356 -1.6664215071375938 -1.3189204087677016 0.05613453964000985 3.7515591008415092 -0.7841306631428879 2.621027870465701 1.0584675760027884 -5.383909679018335 1.174950046892318 0.9578161620352196 
0.35603129196188926 0.8508097035561905 0.3360797760344359 -0.8514382773119654 -1.0545668342889238 0.04695435687964355 0.6691559073250548 -1.1542711731150215 -0.44917363188210196 -1.2307831358322647 0.008317896823129157 -0.3666864306934217 0.1264230094350895 -0.14627177732329816 1.160407810014428 0.612040460722646 0.40587346985057116 -1.8455940614600304 -0.4391203354604198 -2.227575986297847 -1.3837572112249057 -0.4032612198220497 0.03800906509355315 -0.5250252388404306 0.5932620289160473 -0.3588952223279962 2.5525674433778978 -0.13111365799117447 -2.6940696920749825 -2.0272490132350183 0.4935877233319994 -0.889699428943709 0.2054875833093487 
2.516561379840712 -0.7814398819835133 -0.11509122200092661 0.9688117139246628 -0.8611916293153181 0.16485334038447783 -0.3317522500469264 -1.3980675724971443 1.0833867038873026 0.4456672017963881 1.2070684009504231 -0.480399371737779 0.02389972132550579 -2.0416811079671606 0.10638132380802254 0.028898686049465796 -0.8743840697057125 -0.7412530533944847 -1.43751077528549 0.9220410992173438 -0.196906424271151 1.3365092645174608 -0.37307613403703344 -0.4118276526196372 1.9551013856812611 0.24469955355899997 1.1795005386406696 -0.7965739189143939 0.29598556695651546 1.1698995000906325 -0.573843270811366 0.7983277586820947 2.2606417612212177 
4.911608867840294 -0.7903708039294624 -2.1236564398417603 -1.109510329321893 -4.046350720502095 0.7111979859032155 0.3628357662779416 -10.85935628375577 1.7527165173317727 6.154756637016023 -6.222004991007284 -3.136703761432868 6.402293855590306 -3.1063260529230234 -1.1388464942331569 -9.32322123125147 1.0700212176567048 -6.715939169212864 3.473406847174038 21.394975506251154 1.4777903213332906 6.744749920568698 -3.2687950297474604 1.8681348665645026 -9.631177685842445 -0.876811855583202 2.598640752405894 0.6855034238277803 -0.7567940477954446 -0.4801845291133064 4.964729662211235 -16.521286650096638 -0.13306278713146374 
0.5616897255827958 0.5014219143999963 -0.122877219898476 -0.4727425253457751 2.8302935411067973 -9.393084527016411 -2.607082726758686 -8.14483324791715 -0.3626751023000824 3.690072649760895 -22.64933244681315 -10.484751140009909 16.136169312987874 12.167338166820365 -1.03234982391873 -14.81184497065255 -1.8008635159145105 -7.598835763582005 4.750605066995768 -15.66238683569481 -2.6403264665393418 4.438909768058443 -5.076239172397764 0.605519125985126 -2.958850207433269 1.748866451205244 -9.485006069546015 1.0070415206253642 1.2769734585936714 -0.6361313145362021 5.592038299641907 -8.143576319722145 1.4757631204008528 
-14.57650717662895 -1.382492056564176 -22.554485547128838 -4.056985952311227 2.9435883725984002 5.627798373239453 -1.411381384485379 -19.036024713048576 2.937819714246246 4.077500965824713 -18.075867615759154 -9.894807247867814 -1.1020241900790944 8.034525772729747 0.24023440475187324 -1.1664033072750541 -1.9702839049605738 -4.933222256765855 11.540255438287915 -15.496365612899377 -9.181892293880592 -2.458793342711275 -3.18626884308932 -5.165533379381808 -19.901627149928686 2.2318490083700016 -7.3329487288080495 0.9893134012866555 -0.6091467077217079 1.013242674893318 8.079898551537681 5.914101766893275 1.9118339644715383 
7.095072720883637 -0.7289327722986675 -17.337796896243656 -3.750266820448056 7.821118386670029 10.067065623224323 -1.2534676304747845 -10.596741445070357 -1.2546930515473862 2.006003239954968 -9.590310281971485 -14.478241525072416 8.485375401524063 3.942384685246535 1.5618785806529507 1.311755259465318 -0.5353225217461839 0.7875916742989516 2.4864912921778326 12.138814138012322 -3.715047381854623 -5.390335031557336 3.823530820332737 -3.08753812318512 9.382000258505006 0.3772541924984327 -3.4371407600833335 0.3529815607806376 1.8586839510922242 -0.8237533092502456 7.549487140818979 -5.284529186989008 -0.5341990743919593 
-0.7424925537926462 1.5729216058826752 -5.412416560464518 -0.8546893550437193 1.4911589662814895 -0.4644054710419231 0.39758556080608737 4.2929135187479615 -2.8182382744926784 0.8724653001582588 -0.756997403680875 -11.26302497410601 1.0926429474920754 1.0451370628640415 -0.5662912586360151 -1.2362303806313937 -0.16822822097853093 -0.9318326158621987 -0.27104989324534556 0.6575481315412138 -0.29629810243140314 -5.257347441534973 0.3038090142317492 0.6437076694915863 -1.1473026411665033 -1.770691983176751 -0.8863076937454495 0.7473681508274155 1.3161916225488821 1.9955462724947837 3.8409185371994936 1.2145527811878218 0.12490697661121546 
0.13873543980613198 0.5636521311496206 -1.5691416552743391 0.5409356486827266 1.0164318229782856 -1.1504670625161382 0.012372822118609204 0.6042389483937749 -0.8046743530735828 1.1584535421884776 -1.0504440433651958 -0.905055629876223 1.1204462361193346 0.8285316324871532 0.71533514570166 0.6306975522130633 0.3357129964121698 0.6506009351619895 -1.2864583871109088 0.09352153707385469 -0.5418578015672041 -2.639904533243241 -0.8290813814792181 1.1913480658913516 2.690182379042899 -0.3326368898579906 -0.7361070373022722 -1.3725326406774243 -0.17676970923437363 0.637189003830276 1.4922747341095028 0.1152231638288956 2.2059292765136798 
-0.4925829564446594 0.8170830198235262 0.03510383983347549 -0.012805316047625278 0.18574493537210762 -1.9474103346356317 -0.47561049951595286 1.1546785188159403 0.2450720684960812 -0.13504522052816897 1.0369366625180525 -1.5970603894171476 0.8076910502591234 -1.809095578468388 -0.0907117897924831 0.012994249630627985 1.0202820618307833 -0.3735715578207826 -2.459414990453949 0.19460914780187547 -0.629153454398965 -1.1008878049136162 -0.27336713163346443 -1.45606681791159 -0.47488532884680945 -0.7808513710574667 -0.2552100141530613 -1.9981549193852366 -0.7170897151921104 0.45280698489899607 -1.221768358192524 -0.06429119986346203 -0.18330563169322028 
* 33 17
4.269535176941595 1.0990142822826516 -0.5944175719088315 1.3802332778982105 -2.5608581359604283 6.532372174019184 0.5566614116539044 -0.41315668103386094 -0.3493992820934324 1.3997796398488516 -4.157811316056848 1.7134747594927626 0.3819933640259102 3.421910954932063 -0.3599367614299741 2.583191078014049 0.49874187202609155 
-1.3422363587328414 -0.03184277729334342 -0.27527198952746396 -1.8121846139153321 1.3558239450607816 1.0199100264380476 -3.504010007919051 0.2956980437887095 -3.052604780354488 1.6650575234312086 1.9516735890902928 1.0744746137315504 -0.3635046310538043 1.0659710935781939 -0.8255841954118032 1.915513451035676 -0.22703223085854204 
0.39032571368859353 -2.08336515367577 0.9683675162781668 5.796392694285915 1.5104627037083591 -0.21054398849017641 -0.5879669521492045 -0.4727777390557981 3.4906625104364077 6.083327693748296 -0.9910595046002837 -1.8489324127308906 3.67410893569431 2.6101126552201985 -7.737071248965678 -1.2001552064909344 -0.8236978223529301 
2.0819588931918642 -0.2159893780997838 0.14387561105853072 1.3999937224504877 1.7294817051531532 0.13241625304154014 0.19171710679344098 -0.09429794574044736 3.830132173952612 0.863403129525902 1.7147709670758182 -0.40611590196570535 -2.378545680126116 -0.67554183067035 -1.7060408344854936 -3.7416723078789538 0.4129809561682164 
0.8223744618349031 0.9153397311700899 3.979966973852002 -2.2761111762755095 -3.387106677921173 -1.8459948025717348 1.613066260333849 1.105354218023807 1.6914957182971064 -1.8027297452953068 -0.3232366698957383 3.076825058037963 -1.154023964567917 0.5262917975301102 -1.3597898369538537 0.4702915648531124 -0.6055189481513166 
0.6484344360469237 -0.25180591687751075 1.0703021872676504 1.0671905548578768 1.2029171990119432 0.5040133502467585 1.9959262088858045 1.6666976508026423 4.08318468389517 -1.652910512771456 2.228879659753511 -0.576666869348897 2.03302031444269 -0.11256460673135577 -0.012412213934354337 0.9536998389566456 1.4396625367790388 
-0.8342756218066556 0.5176078632454608 -1.1234183696183495 -0.135483592850016 1.5245143912996615 1.8830302988464418 -0.6923140728892382 1.555965025952261 1.775056466214865 0.4026775597399449 -0.44111093272424673 1.1976226299748096 3.083318381760252 1.0391602948153704 -0.9884846898789124 2.157574380564636 0.9954583142290339 
1.9394025127602044 -0.29213258670604586 -2.1865240721031576 -1.5585450822102884 0.814912151242806 -1.1360742340087406 3.4343252040024606 -0.05879942017849304 1.5135342234409936 -0.5829155819241778 -1.8619665818718911 1.3173873247542907 3.580917938485452 2.055894464828491 0.3092007831721749 -1.4233766619954835 1.3032310917895353 
1.9349884263085613 0.15626757683196668 0.9697581864878814 2.5256756572661985 -1.3515868504143551 0.4602884202134528 1.7051875928846614 0.5110401580515216 0.12679708635727047 -1.6560067994719674 0.13409294355815485 -0.6154333416624407 -1.795954687191591 0.6343392017701196 -0.41209078738654287 -1.690160918802803 -0.833627865535703 
-1.4417554636562884 0.29579485598537364 -0.8522947260441681 -0.3845153877267025 -2.381989915594068 -2.5795793306441173 1.5708379085310618 1.4146220544655657 0.1284860541288552 1.6600691132455485 -1.5153712620429758 0.8288695524806893 1.6243962721752478 -1.3830198985702968 -2.2992374592087494 0.3882755173883347 -0.40842853587091965 
-1.4359681051064541 1.1085138207164658 1.0979156082867532 1.6107231468058025 -1.1557451954693065 -4.5190787556142755 0.7540184032807394 0.23623022020369652 1.2588241577006696 2.9012455509538624 -1.408053210990321 -0.7354125934549404 2.4166446544025995 1.163467285222261 4.514984305629596 -3.3308623270403572 -1.2482764805176358 
1.882838889140826 1.1527870550413526 -1.0120117016010086 0.5963572717027936 -2.728808790407221 1.9360113569310047 -0.5270418022095983 -1.2135838006522919 -1.3502935420906308 -0.680894095117197 -0.3937339917007103 1.7507778440220987 2.314402180348157 4.7206730305788644 4.850476369390452 -0.5812177423379324 -0.20799404248885486 
1.623851487751389 3.2452513371139626 3.3810927065186416 1.8340251374071 -1.9747676960412504 1.0369237757264038 -1.6215660078601977 1.1599624605199796 1.108384324131188 2.3285161471611335 -0.8080803920402228 -1.2270143081569131 -5.487609442572204 -0.1528388343018911 -0.7974726752021463 0.9061935274906231 0.5289565867326925 
2.318609978747827 -1.0589503979935146 0.6518459398586038 3.5458411877768747 2.0522335462376287 1.3650629122665845 2.0565177251795568 -0.046203667466750045 7.756368359120326 0.9383807328463857 0.5119031353814688 -0.4889670827546388 -0.6597311778743751 -1.2083769494836607 -1.8224743242157877 0.13022303858460652 1.0576946207032714 
1.3435647067774845 -0.7455410959093023 -1.8469102321653146 2.2391237388108194 3.644916036036131 -1.674110588756627 0.36082888590018997 1.5256169140063576 -0.3595981315166217 0.6972064159925656 1.4219280299473425 0.8707804165137202 -3.72683299166157 -2.0140890290856523 -1.2091529685897855 -1.3273559933152437 -0.4559923439422345 
0.8870335796965452 -0.9222535118317647 0.6247067911802819 0.5628364269081599 2.6495356027059995 -1.2171272291772783 1.8866178234421764 0.7245466414400464 0.9546179324486507 0.3166728071873188 -2.294477972096158 -2.4639677915919838 -1.2180044983330254 1.9056865664975977 4.069704580759765 -3.126569839070088 -1.3183935688598978 
1.4786422100839105 1.427567097392079 0.8446354154343508 -0.18351470482601154 2.5810247852092734 -1.438602122813855 -0.2113110084111696 -1.2725492892966468 1.3711680195357634 -0.8285159782000275 2.6696189278345783 -0.28749760798213525 -1.2992305846135839 -2.7909621054610168 -2.7416457314356046 -4.325946700276732 -0.6047098185334975 
3.029026619535779 -0.5218024409159324 -0.8844909663097387 -1.4820854219431123 0.18728412403480774 -1.2876695492199282 4.644676888636944 -0.8258906001054294 0.3568647745127258 -0.9152390711596552 -2.472148209089184 0.3093374161719571 2.551952089261277 1.9235687743979093 -0.02631116645722415 -1.528409748403198 1.216295182356562 
2.834543706398912 -2.1420841085031395 0.8802935851521236 -1.4407073144048106 2.5418369580397067 -0.7405383547600186 -0.23151545694880551 1.2749463863313175 1.7151170685275514 -0.6939832993201582 -7.609549457055655 2.345840644616093 -0.8158049135800417 -0.7306345671225923 -2.471968831094931 -1.2119207346777254 0.29834505034705566 
-7.140746562141718 0.6231279538766851 0.6049068292962198 -3.93766080846394 0.03807193309669523 -0.5934665083969928 0.10067788750360628 0.07800519149060618 -1.7250318393555095 1.306690562757332 4.552362435769966 -3.0136010254302286 -0.12006267132150494 -2.481364414941706 -2.4888368062654145 2.1196503607925967 -0.19261863384223346 
2.176048951939183 -1.0268980592859336 -1.5474261723976506 1.409126984925097 5.9128985522162525 -2.6110770594256647 0.4353368441630189 -0.08810526630659797 0.9540978070966546 1.8282693119632385 3.416076574833676 -2.4655576393102048 -1.6215781570418997 -3.357258291365022 2.6033843788770445 -4.1455460275994165 0.26196167088971367 
-1.2504312775718585 -0.031889522492404634 -5.362414833519569 -3.1642314338848716 -1.747316173640802 -2.074274931680319 -1.2960635747209055 0.6877358333837339 2.4607041853233302 1.6120489805947897 -2.678543460464364 -5.387817097876103 1.8080990024136585 0.7214969688695859 -0.6819670821866248 -1.091312316685419 -1.0388462895673072 
-0.8830674964079365 4.022722183751543 2.5879867033945527 1.3562488978119929 0.03084808723689716 0.4306025308256348 2.1977181878442886 0.34704475058527956 4.6978914779355305 -1.8065162063085087 1.7810455810512047 0.766184669576038 3.110987165674652 -4.671997561577272 -0.47155472348143024 -4.748945618537577 0.7463295325915339 
1.334518711306011 -2.599727097766785 -3.2297959124217446 0.0776897136310074 3.7254299941627123 -0.4943764511592589 -0.330651014943246 0.08110190460332505 0.1926625396781555 -2.1160828517759303 3.1603829906316228 0.15781572401396407 -1.0033753524499385 -1.9223543201058544 0.11571837262666002 -2.3588617211202 -0.3408306597183953 
-3.6368931579806687 -1.0834801107527932 2.4881132860114885 -4.014070693108531 -1.378900168370458 -1.6548276602940686 2.528951088052496 -0.20646407903215258 -4.053826328758631 -0.29569970883453617 -0.8482630357809461 -0.90816374629158 4.999351280342036 0.8628738336124376 4.576501887438931 -0.11318305068769158 -0.2851743720272912 
-0.0506647859373292 0.1238391692630487 -2.0809522165400214 -1.1850991475308992 -0.4495392004687854 -0.03781750981667503 -2.702053628874322 1.7171489015942007 -1.8237490529066125 0.8692009113116043 3.070323325658898 0.5798893817468147 -2.6726026863512695 -0.22473887425467506 -1.3222284069870514 -0.08961041282083211 0.956609386207693 
-0.09619277384059398 1.0903884608217527 -1.8313280391495337 3.749192245005961 1.7624383752694712 1.5794671371927063 0.1825121755453989 0.24769540041783492 1.5662437942054026 -0.9179404367205383 1.2454477816297507 -2.409519781256213 0.9924861995326854 1.753795879913573 0.6788439403429896 -1.2996122547038962 1.1117670621463878 
-0.8730565130224421 1.6662276622919474 -1.587367243030966 -0.1344219433972649 -4.849889435770563 -0.7045157822277729 -0.9904474796500096 0.614990271646459 -5.49834703084972 0.07612488628256994 2.8646509049829034 -1.5465398499194987 -2.3657728676213945 -0.7674811336164626 -0.5773491591592926 1.9108141022428546 -0.06524205868983292 
2.100561945476151 1.3774180746275344 0.9672051653586967 -0.10780097156495702 0.07851429161473668 -1.06876940539207 -1.3876988513912212 -0.27124216243435656 -3.681837785780188 0.14648818769418506 2.109827544712463 -1.436703249027501 -0.36028081758856817 -2.487051733355114 -1.1895430968623593 2.122367898104704 -0.6987805221252654 
-0.9112659783683489 0.28685330095381656 -2.396491825999346 -0.4554173105208452 -0.5007546460217368 -0.92234163005117 -0.6330226251350651 -0.17558234705507175 -3.6377390416042834 0.9765183443136171 5.767560344359137 1.1603600296960426 -3.8561145702197215 -2.6376429119928226 -3.203710797317761 0.6994415650923038 0.66024512535339 
-0.26224516051693597 -1.3965994497319916 -0.40628042515729657 0.9899625116355026 0.8614320967247104 2.9509687806990876 0.043132519975004044 -0.8547500801101745 0.464232709201967 -0.24190106393605323 1.7422016211288578 -1.8339922171397887 1.5833508316962255 -1.8084846908174528 -2.1516062307543744 4.808171298123804 -1.1670065410072643 
-4.441958692294722 -0.6436344605584683 0.3114233737309582 -4.138254675431979 -1.5842232452573723 -3.9398074142801507 -1.0103673332457532 -0.19733748952560554 -2.6650009454864683 -0.9693159974255651 -1.3492679098676645 0.8907274071322256 -0.9121577152314019 2.5566452415681105 1.147739184782228 1.695501742671584 1.1101319695143455 
-1.8049281176658278 1.4678828468265483 -1.8941576716324375 -2.0612229319461672 -1.055807321149767 -0.708135353759077 -2.2410996089768234 2.323985592860129 -1.852473160544241 -1.6788098372021962 2.9956415559726883 -0.11671950254918412 -1.1809316943652584 -1.8460597519094812 -2.505428056882831 1.4964184333616506 -1.1406789858125552 
* 17 10
0.9294532432702801 2.6679621085643697 0.4061253546807575 2.0912073831455276 -2.836657342613102 1.5224819008449222 -0.15065926033389065 -1.8932931637144308 2.1503743342086117 -2.39329818078183 
0.16393730868367937 1.6611819908610086 1.3819343898192922 2.2005818672336033 1.6165194109482952 -4.5001845148397015 0.04334718617285034 0.6623314605155246 0.46513264473233734 1.4746300502031255 
-0.7704150443482157 -3.2450379227590562 -0.5916350217313316 -0.06486876141360062 -1.9094367088965207 0.2712300793465528 0.34342390311151305 -1.1224364633103385 0.22268976286228914 2.2407682472818977 
-1.6221481231116937 5.561721303491316 1.4169700707657935 1.463922042856747 -1.809735612256137 -1.6916891880915508 -0.4233854761759746 -0.04812178179590291 -1.7294648972428828 -1.3423159622117817 
-2.9629230415179406 3.682462912779836 -3.4218815810209713 -1.662338998188848 -0.8769460988817462 0.9069076820606821 -2.4997215543747724 -2.512517709893539 -1.9117423468731665 0.9670955547860093 
-2.2914809674011973 -1.8505114895470303 -2.008083352118339 2.582427708259965 -0.29412135880078205 0.7838606251746223 -1.0929606342085516 -2.6474773116179926 -2.681186456482866 0.07957085921508303 
1.6517016187760118 1.959534007905394 0.8034426438147181 -0.3012332314030654 3.5441994143811213 -0.746099394316708 -0.17915471284763546 -3.524736544959378 -0.08572119046139068 2.5162943005042346 
-3.5866495374237286 -4.307340096286684 -3.72225115802197 -6.294795278023726 -2.1639914598579915 -2.0533900831243717 -2.4288144227623767 -1.6359535874558275 -1.3776932314223371 -1.9351144999082057 
-2.70415134964533 -3.9579811970356222 1.906230788837005 0.7398253997673712 0.1472997272111457 -0.5340592190697249 -2.3795092244248344 -0.09211585502955155 2.152770312128432 -0.9442102346787854 
2.004399726071708 -0.5572367275315593 1.5360459671381699 0.4024196017581883 -0.17844626946031217 -1.0443709776505439 -1.0185772227218743 2.1186969003079867 -2.030898359489857 -0.09399998562961234 
-3.4349524836882406 0.11949695812111619 -0.29626019671248877 1.7031552329223865 -1.1219336362069232 4.202425399970724 2.054766785275689 2.0284735952377093 2.0207286443110015 -0.21545459813388942 
-0.5584428811276511 -1.2839755033962144 -0.5247510161013905 -2.8379599958486406 -0.3270022619422969 3.0223168380427357 -0.46528188852809976 -0.4228061696614306 -1.3582839286073418 -2.2451051303754106 
-1.7912505518306239 -3.0181229340840776 0.4726447106371485 -0.1216731495322233 2.5629335340124433 0.16954826019969413 1.1579016614149613 -1.9389457452743806 -1.2437071818420107 -2.474268585350672 
3.0593378016003308 -3.357216064133366 1.6910378111771864 -0.5891350198970109 -2.346678878436796 1.2641884111618034 2.3419047826477066 -2.1534402077048607 -0.7716609665059977 -1.7251348744965282 
-0.6194579819117758 -1.2852107187336814 -2.0276929636928656 -0.19387244044786392 -2.928992892998671 -3.670448954920695 2.89897742896071 -2.5061473761779647 -1.0427313775205111 -2.4617152436768666 
3.0361085297150616 -3.6559210044251365 -2.571654548226171 2.2141092810132665 0.3724285713291062 0.6779791028137432 -2.399047046644549 0.7151243758074952 -0.11416478850050713 -0.019123951269692425 
-1.9010983750965265 -2.6099283593690847 -2.632560534114904 -4.349095593190065 -2.9040704915490116 -1.0907431307659365 -1.5042329921562165 -0.9483721588319023 -3.4618930195098794 -1.3700950990516523 
